    1    1   409   8   307   8    54   8   325   8   305   8   634   8     0   8
    1    2   403  10   258  10    92  10   272  10   292  10   759  10     0  10
    1    3   114   9   514   9    36   9   395   9   285   9   725   9     0   9
    1    4   507  10   482  10     0  10   233  10   318  10   721  10     0  10
    2    1  1061   9   802   9   159   9   718   9   471   9   925   9     0   9
    2    2  1178   9   671   9   231   9   621   9   429   9   816   9     0   9
    2    3   874   9   777   9   166   9   760   9   464   9   801   9     0   9
    2    4  1166  10   881  10   159  10   718  10   566  10   767  10     0  10
    3    1   585   8  1272   8   331   8   982   8   759   8  1290   8    29   8
    3    2    97   5   704   5   182   5   479   5   612   5   725   5     0   5
    3    3   282   7   879   7   305   7   977   7   797   7   661   7     0   7
    3    4     0   5   344   5   113   5   833   5   872   5   884   5     0   5
    4    1   936  10   546  10   159  10   659  10   515  10   958  10     0  10
    4    2   942   8   801   8   101   8  1004   8   434   8   817   8     0   8
    4    3   554   9   431   9   207   9   705   9   541   9   729   9     0   9
    4    4   801  10   500  10   162  10   698  10   588  10  1240  10    16  10
    5    1   730   9   577   9   273   9   605   9   484   9  1063   9    54   9
    5    2   453   7   557   7   222   7   535   7   620   7  1271   7    78   7
    5    3   371   8   637   8   175   8   409   8   605   8  1237   8    25   8
    5    4   598   7   470   7   212   7   300   7   490   7  1212   7    53   7
    6    1   719   9   582   9   182   9   569   9   579   9   765   9     0   9
    6    2   994  10   497  10   140  10   490  10   427  10   801  10     0  10
    6    3   594   9   565   9   186   9   515   9   546   9   917   9     0   9
    6    4   443   8   990   8    59   8   507   8   514   8   964   8     0   8
    7    1   864  10   672  10   314  10   597  10   594  10   881  10     0  10
    7    2   861  10   739  10   526  10   627  10   985  10   950  10     0  10
    7    3   724  10   801  10   343  10   749  10   820  10   824  10     0  10
    7    4   735  10   746  10   221  10   623  10   731  10  1002  10     0  10
    8    1   594  10   742  10   206  10   945  10   606  10  1162  10    14  10
    8    2   526   9   612   9    97   9   746   9   757   9  1084   9     0   9
    8    3   475   9   991   9   190   9   800   9   713   9  1145   9     0   9
    8    4   878  10   843  10   230  10   803  10   659  10  1181  10    11  10
    9    1   409   7   617   7    88   7   511   7   744   7   768   7     0   7
    9    2   706   9   864   9   163   9   616   9   505   9   963   9     0   9
    9    3   511   7   816   7    74   7   702   7   429   7   788   7     0   7
    9    4   144  11   534  11   104  11   529  11   511  11  1109  11     0  11
   10    1   999   9   580   9   177   9   734   9   410   9  1184   9     0   9
   10    2   889   7   183   7   220   7   662   7   504   7  1054   7     0   7
   10    3   908  10   565  10   191  10   592  10   708  10  1050  10     0  10
   10    4   902   8   240   8    77   8   531   8   329   8  1330   8     0   8
   11    1   971   9   737   9    92   9   572   9   651   9   846   9     0   9
   11    2   884   8   542   8   198   8   511   8   511   8   760   8     0   8
   11    3   866   9   688   9    92   9   564   9   492   9  1282   9     0   9
   11    4  1055   7   785   7   118   7   513   7   414   7  1184   7     0   7
   12    1   307   4  1182   4   162   4   588   4   681   4  1511   4     0   4
   12    2   258   8   816   8   187   8   444   8   457   8   436   8     0   8
   12    3   696   5   986   5   225   5   639   5   478   5  1269   5     0   5
   12    4   214   8   706   8   186   8   431   8   520   8  1168   8     0   8
   13    1   908  10   548  10    55  10   352  10   493  10  1001  10     0  10
   13    2   942  10   501  10    77  10   402  10   510  10   881  10     0  10
   13    3  1067   7   503   7    37   7   413   7   520   7   486   7     0   7
   13    4   985  13   592  13   131  13   521  13   455  13   888  13     0  13
   14    1   938  10   782  10   242  10   811  10   663  10  1200  10     0  10
   14    2   372  10   536  10   221  10   661  10   771  10   922  10     0  10
   14    3   760   9   743   9   243   9   726   9   526   9   852   9     0   9
   14    4   966  10   825  10   226  10   585  10   652  10  1178  10     0  10
   15    1   587  10   606  10    99  10   499  10   517  10   784  10     0  10
   15    2   388   8   617   8    24   8   394   8   579   8   643   8     0   8
   15    3   317  10   478  10    34  10   378  10   506  10  1069  10     0  10
   15    4   626   9   502   9    46   9   400   9   456   9  1062   9     0   9
   16    1   490   9   961   9    39   9   464   9   573   9   803   9     0   9
   16    2   633   8   964   8    90   8   711   8   570   8   769   8     0   8
   16    3  1055   5   491   5    69   5   472   5   576   5  1051   5     0   5
   16    4   329  10   860  10    60  10   706  10   500  10   994  10     0  10
   17    1  1204  10   726  10   254  10   756  10   840  10   836  10     0  10
   17    2   853  10   818  10   161  10   543  10   648  10  1114  10     0  10
   17    3   788   8   818   8   294   8   824   8   856   8  1098   8     0   8
   17    4   492   9   404   9   173   9   403   9   813   9   502   9     0   9
   18    1   806  10   974  10   195  10   992  10   771  10  1136  10     0  10
   18    2   503   9  1080   9   235   9   748   9   729   9  1003   9     0   9
   18    3   421   7   746   7   256   7   954   7   888   7  1441   7     0   7
   18    4   568  11   843  11   195  11   916  11   911  11  1204  11     0  11
   19    1   471   7   159   7   108   7   234   7   403   7   751   7     0   7
   19    2   282  10   274  10   128  10   196  10   355  10  1178  10     0  10
   19    3   185   7   319   7   116   7   354   7   268   7   746   7     0   7
   19    4   386  12   253  12    59  12   218  12   331  12   614  12     0  12
   20    1  1033  10  1054  10   216  10   858  10   738  10   812  10     0  10
   20    2   326  10  1069  10   257  10   894  10   985  10   623  10     0  10
   20    3   765   9  1209   9   188   9   709   9   850   9   828   9     0   9
   20    4   823  10   606  10   216  10   897  10   807  10   884  10     0  10
   21    1  1174  10   882  10   277  10   841  10   680  10   842  10    29  10
   21    2   979  10   529  10   106  10   850  10   917  10   778  10    80  10
   21    3   477  10   679  10   189  10   985  10   683  10   875  10     0  10
   21    4   544  10   819  10   193  10   934  10  1083  10   778  10     0  10
   22    1   692  10   704  10   242  10   613  10   901  10   888  10     0  10
   22    2   552  10   613  10   236  10   495  10   708  10   953  10    48  10
   22    3   401  10   368  10   197  10   434  10   744  10   591  10     0  10
   22    4   596  10   685  10   273  10   590  10   589  10   774  10     0  10
   23    1   300   9   660   9   192   9   589   9   626   9   838   9     0   9
   23    2   591   8   712   8   245   8   707   8   525   8   826   8     0   8
   23    3   172   9   962   9   182   9   672   9   586   9   774   9     0   9
   23    4   490  10   495  10   136  10   442  10   524  10  1056  10     0  10
   24    1   458  10   672  10   142  10   502  10   517  10  1428  10     0  10
   24    2   581  10   502  10   199  10   520  10   630  10   875  10     0  10
   24    3   519   7   969   7   125   7   763   7   433   7   797   7     0   7
   24    4   491  13   331  13   137  13   431  13   407  13   908  13     0  13
   25    1   572  10   591  10    96  10   558  10   505  10  1122  10     0  10
   25    2   659  10   483  10   149  10   477  10   396  10   743  10     0  10
   25    3   864   9   650   9   164   9   585   9   466   9   935   9    29   9
   25    4   847  10   603  10   225  10   592  10   458  10  1013  10    16  10
   26    1   835  10   930  10   108  10   488  10   603  10  1164  10     0  10
   26    2   573   8   761   8    96   8   589   8   589   8  1162   8     0   8
   26    3   795   7   979   7    45   7   642   7   563   7  1305   7     0   7
   26    4   669  13   883  13    58  13   511  13   497  13  1018  13     0  13
   27    1   650  10   595  10   111  10   420  10   363  10   789  10     0  10
   27    2   945  10   698  10   115  10   420  10   433  10   850  10     0  10
   27    3   758   9   605   9   136   9   463   9   353   9   906   9     0   9
   27    4   719   9   344   9   127   9   322   9   467   9   848   9     0   9
   28    1   348   8   626   8   141   8   594   8   482   8  1260   8     0   8
   28    2   266   8   655   8   194   8   508   8   628   8   879   8     0   8
   28    3   198  10   399  10   100  10   464  10   512  10  1104  10     0  10
   28    4   195  10   533  10   178  10   568  10   759  10  1225  10    27  10
   29    1    83   8   434   8    67   8   545   8   458   8   853   8     0   8
   29    2   347   8   315   8    50   8   457   8   397   8   851   8    18   8
   29    3   264   7   403   7    34   7   384   7   400   7   763   7    26   7
   29    4   139   9   265   9    35   9   469   9   234   9   837   9    23   9
   30    1  1119  10   880  10   229  10   928  10   618  10   853  10     0  10
   30    2   594  10  1049  10   209  10   724  10   550  10  1093  10     0  10
   30    3   760  10   846  10   214  10  1086  10   730  10   968  10     0  10
   30    4   741  10   930  10   110  10   491  10   698  10   642  10     0  10
   31    1  1064  10   656  10   116  10   477  10   502  10   984  10     0  10
   31    2  1217  10   666  10    83  10   546  10   665  10   916  10     0  10
   31    3   727  10   889  10   109  10   682  10   529  10   854  10     0  10
   31    4   798  10   406  10   140  10   675  10   422  10   698  10     0  10
   32    1   125  10   320  10   104  10   214  10   285  10   617  10     0  10
   32    2    51  10   546  10    99  10   215  10   328  10   578  10     0  10
   32    3     0   7   494   7    24   7   223   7   350   7   700   7     0   7
   32    4    68  11   363  11    30  11   248  11   311  11   547  11     0  11
   33    1   898   9   536   9    59   9   580   9   403   9   980   9     0   9
   33    2   755  10   672  10   101  10   580  10   402  10  1034  10     0  10
   33    3   860   6   524   6    76   6   505   6   363   6   613   6     0   6
   33    4   654  13   509  13   140  13   464  13   392  13  1189  13     0  13
   34    1   580  10   391  10    40  10   511  10   385  10   979  10     0  10
   34    2   724  10   362  10   136  10   515  10   458  10   984  10     0  10
   34    3   838  10   460  10   104  10   384  10   428  10  1086  10     0  10
   34    4   635  10   541  10   115  10   553  10   452  10  1133  10     0  10
   35    1   483  10   672  10   194  10   826  10   810  10  1004  10     0  10
   35    2   636   9   519   9   134   9   627   9   655   9  1197   9     0   9
   35    3   929   9   786   9   134   9   598   9   831   9   968   9    35   9
   35    4   577   9   715   9   180   9   732   9   606   9   653   9     0   9
   36    1   522   8   632   8   215   8   814   8   988   8   530   8     0   8
   36    2   218  10   536  10   142  10   919  10   897  10   690  10     0  10
   36    3   429   7   740   7   233   7   897   7   583   7   375   7     0   7
   36    4   128  12   638  12    60  12   631  12   614  12   409  12    24  12
   37    1   642   9   550   9    34   9   436   9   355   9   796   9     0   9
   37    2   565   9   317   9   129   9   388   9   355   9   868   9     0   9
   37    3   891   5   505   5    43   5   325   5   360   5   698   5     0   5
   37    4   648  11   568  11    82  11   363  11   408  11  1042  11     0  11
   38    1    51   8   605   8    95   8   248   8   353   8   803   8     0   8
   38    2   207   9   426   9   100   9   367   9   449   9   688   9     0   9
   38    3   316   9   451   9    53   9   317   9   420   9   776   9     0   9
   38    4   200  10   679  10    79  10   440  10   544  10  1036  10     0  10
   39    1   501   9   420   9    36   9   463   9   440   9  1068   9     0   9
   39    2   744   7   364   7    70   7   456   7   566   7  1003   7     0   7
   39    3   768   3   672   3   111   3   489   3   706   3  1568   3     0   3
   39    4   708  10   580  10   151  10   537  10   556  10   977  10     0  10
   40    1   506  10   398  10   150  10   331  10   346  10   964  10     0  10
   40    2   924  10   575  10    92  10   234  10   431  10   819  10     0  10
   40    3   946  10   668  10    37  10   429  10   497  10   691  10     0  10
   40    4   579   9   514   9   134   9   325   9   330   9  1057   9    49   9
   41    1   466   9   487   9    24   9   318   9   321   9   782   9     0   9
   41    2   384  10   489  10    60  10   348  10   392  10  1005  10     0  10
   41    3   625  10   630  10    35  10   371  10   301  10   771  10     0  10
   41    4   634  10   267  10    42  10   508  10   328  10   561  10     0  10
   42    1   630  10   385  10   171  10   538  10   701  10  1005  10     0  10
   42    2   510  10   351  10   215  10   413  10   279  10   727  10     0  10
   42    3   540  10   304  10   214  10   317  10   522  10  1057  10     0  10
   42    4   338  10   492  10   177  10   542  10   460  10  1132  10     0  10
   43    1   216  10   392  10   238  10   504  10   799  10   940  10     0  10
   43    2   418  10   405  10   159  10   240  10   471  10  1286  10     0  10
   43    3   120  10   660  10   181  10   542  10   573  10  1090  10     0  10
   43    4   513   9   458   9   194   9   406   9   408   9  1173   9     0   9
   44    1   885  10   844  10   153  10   774  10   687  10   697  10     0  10
   44    2   848  10   652  10   241  10   901  10   681  10   840  10     0  10
   44    3   867  10  1208  10   228  10   850  10   832  10  1263  10     0  10
   44    4   752   9   697   9   169   9   738   9   619   9  1051   9     0   9
   45    1   862  10   831  10   142  10   642  10   795  10  1047  10     0  10
   45    2   641  10   834  10   132  10   738  10   661  10  1277  10     0  10
   45    3  1264  10   725  10   183  10   601  10   510  10   683  10     0  10
   45    4  1098  10   769  10    56  10   650  10   653  10   680  10     0  10
   46    1   411  10   494  10   100  10   410  10   492  10  1131  10     0  10
   46    2   148  10   424  10   105  10   350  10   398  10   813  10     0  10
   46    3   200  10   655  10   108  10   397  10   444  10   961  10     0  10
   46    4   353   9   639   9   117   9   323   9   384   9   904   9     0   9
   47    1   615  10   295  10    83  10   480  10   417  10  1075  10     0  10
   47    2   372  10   308  10    76  10   259  10   511  10   951  10     0  10
   47    3   577   7   684   7    63   7   435   7   409   7  1106   7     0   7
   47    4   181  13   557  13    96  13   503  13   490  13  1054  13     0  13
