    1    1     0  10     7  13    25   4    46  13     0  13    14  14     0   0
    1    2     0   6     0   7    16   6    50  10    20  10    10  10     0   0
    1    3     0  10    12   8    75   8    18  11     0  11    18  11   100   2
    1    4     0  11    10  10    37   8    10  10    20  10    27  11     0   0
    2    1     0  10     0   8    25   8    11   9    10  10    40  10     0   0
    2    2     0   9    22   9    50  10     0  11     0  11    45  11     0   0
    2    3     0   9    25  12    50   6     7  13    25  12    61  13     0   0
    2    4     0   7    37   8    25   4    30  10    11   9    20  10     0   0
    3    1     0   7     0  10    22   9    30  10    10  10    30  10     0   0
    3    2     0  11    25  12    33   9    23  13     0  13    30  13     0   0
    3    3     0   7    18  11    57   7    50  12     9  11    16  12     0   0
    3    4     0   9    12   8    63  11    10  10    18  11    18  11     0   0
    4    1     0   9    16  12    20   5    33  12     8  12    50  12     0   0
    4    2     0  11     9  11    28   7     9  11    20  10    81  11     0   0
    4    3     0   9     0   8    20   5    22   9    11   9    44   9     0   0
    4    4     0   7     7  14     0   4    50  12     0  12    35  14     0   0
    5    1     0  10    16  12    60   5    53  13     7  13    46  13     0   0
    5    2     0   7    11   9    20   5    11   9     0   9    25   8     0   0
    5    3     0   8     0  11    22   9    45  11     0  11     9  11     0   0
    5    4     0   9     9  11    28   7    18  11     9  11     8  12     0   0
    6    1     0  11     9  11    42   7     9  11     0  10    45  11   100   1
    6    2     0   8     0   9    66   3    12   8    10  10    10  10     0   0
    6    3     0  12     7  14     0   6    14  14     7  13    21  14     0   0
    6    4     0   5    37   8    50   2    71   7    12   8    25   8     0   0
    7    1     0   6     0   9     0   7    44   9    12   8    20  10     0   0
    7    2     0   9    11   9    16   6    50  12     8  12    33  12     0   0
    7    3     0  11    18  11    16   6    18  11     9  11    36  11     0   0
    7    4     0   9     0   9    37   8    11   9    22   9    60  10     0   0
    8    1     0  10    18  11    42   7    18  11    18  11    36  11     0   0
    8    2     0   6     0   7    50   6     0   7    14   7    42   7     0   0
    8    3     0   7     0   9    57   7    11   9     0   9    55   9     0   0
    8    4     0  10    18  11    33   6     0  10     0  11    36  11     0   0
    9    1     0   7     0   0     0   0     0   0     0   0     0   0     0   0
    9    2     0   8    14   7    40   5    20  10    10  10    40  10     0   0
    9    3     0   8     0   9   100   4    33   9     0  10    40  10     0   0
    9    4     0   6    18  11    57   7    41  12     8  12    25  12     0   0
   10    1     0  10     9  11     0   7     9  11     9  11    72  11     0   0
   10    2     0   9     8  12    50   4     8  12     0  12    66  12     0   0
   10    3     0   0     0   0     0   0     0   0     0   0     0   0     0   0
   10    4     0  15    11  17    69  13    21  19     5  19    50  20     0   0
   11    1     0  19     9  21    46  13    27  22     8  24    21  23     0   0
   11    2     0   0     0   0     0   0     0   0     0   0     0   0     0   0
   11    3     0  10     8  12     0   6    63  11     0  12    27  11     0   0
   11    4     0   7    20  10    83   6    30  10     0  10    30  10     0   0
   12    1     0   9    11   9    33   9    18  11     0  11    27  11     0   0
   12    2     0  10    10  10    77   9    27  11     9  11    27  11     0   0
   12    3     0   5     0   5    16   6    28   7    28   7    14   7     0   0
   12    4     0  10     9  11    44   9    16  12     9  11    58  12     0   0
   13    1     0   0     0   0     0   0     0   0     0   0     0   0     0   0
   13    2     0  16     9  21    43  16    20  20    25  20    38  21     0   0
   13    3     0  10     0   8    44   9    30  10    11   9    20  10   100   1
   13    4     0   9    33   9    57   7    27  11    25  12    25  12     0   0
   14    1     0   9     0  10    33   9    30  10     0  10    30  10     0   0
   14    2     0   6    20  10    16   6    27  11     0  11     9  11     0   0
   14    3     0   8     0  10    50   6    30  10     9  11    36  11     0   0
   14    4     0   4     0   7    20   5    28   7     0   7     0   7     0   0
   15    1     0  18     4  21    40  10    23  21     9  21    59  22     0   0
   15    2     0   0     0   0     0   0     0   0     0   0     0   0     0   0
   15    3     0   9     9  11    66   6    33  12    36  11     8  12     0   0
   15    4     0   8    33   9    60   5    20  10    44   9    40  10     0   0
   16    1     0   7     0   9    40   5     0   9     0  10    30  10     0   0
   16    2     0   9     0   8    33   6    10  10    10  10    20  10     0   0
   16    3     0   7    22   9     0   2    44   9     0   9     0   8     0   0
   16    4     0   6    16  12     0   3     8  12     0  12    41  12     0   0
   17    1     0   0     0   0     0   0     0   0     0   0     0   0     0   0
   17    2     0  14    15  20    60   5    25  20    14  21    47  19     0   0
   17    3     0  11     9  11    33   6    27  11    18  11    18  11     0   0
   17    4     0   9     8  12    66   3    50  10     9  11    33  12     0   0
   18    1     0   8    22   9    20   5    22   9     0   9    22   9     0   0
   18    2     0   8    25  12    40   5    36  11     9  11    33  12     0   0
   18    3     0   0     0   0     0   0     0   0     0   0     0   0     0   0
   18    4     0  15    10  19    20   5    45  20     5  20    28  21     0   0
   19    1     0  10    11   9    50  10    10  10    10  10    10  10     0   0
   19    2     0   9    15  13    37   8    33  12    14  14    28  14     0   0
   19    3     0  10    10  10    50  10    33  12     0  11     8  12     0   0
   19    4     0   9     0   9    62   8    30  10    11   9    27  11     0   0
   20    1     0  10    11   9    66   9    63  11     0  10    18  11     0   0
   20    2     0  10     0   6    77   9    11   9    10  10    40  10     0   0
   20    3     0   6     0   6    60   5    37   8    12   8    37   8     0   0
   20    4     0   7    36  11    33   6     9  11     7  13    76  13     0   0
   21    1     0   8     0  13    50   8    33  12     7  13    53  13     0   0
   21    2     0   6    14   7    28   7    57   7    14   7    28   7     0   0
   21    3     0   9     9  11    50   8    54  11     9  11    27  11     0   0
   21    4     0   7     0   7    14   7    44   9    10  10    60  10     0   0
   22    1     0   9    18  11    25   4    36  11     0  11    18  11     0   0
   22    2     0  10     0  12     0   3    18  11     0  12    50  12     0   0
   22    3     0   0     0   0     0   0     0   0     0   0     0   0     0   0
   22    4     0  16     5  19    20   5    28  21    17  23    52  23     0   0
   23    1     0  15    10  20    30  10    14  21     0  21    27  22   100   1
   23    2     0   0     0   0     0   0     0   0     0   0     0   0     0   0
   23    3     0  10    10  10    60   5    10  10    10  10    30  10     0   0
   23    4     0  10     0  10    66   6    20  10    10  10    30  10     0   0
   24    1     0   9    18  11    57   7    58  12    41  12    25  12     0   0
   24    2     0   8    33   9    77   9    30  10    20  10    20  10     0   0
   24    3     0   4    22   9    57   7    55   9    11   9    22   9     0   0
   24    4     0   6    33   9    33   6    40  10    10  10    50  10     0   0
   25    1     0   0     0   0     0   0     0   0     0   0     0   0     0   0
   25    2     0  14    22  18    62  16    36  22     9  21    50  22     0   0
   25    3     0   8     0   8    50   8    33   9    11   9    44   9     0   0
   25    4     0  11    18  11    20  10    41  12    25  12    45  11     0   0
   26    1     0  10     0  11    63  11    36  11    18  11     9  11     0   0
   26    2     0   9     0  10    22   9    33   9    11   9    30  10     0   0
   26    3     0   9    15  13    40  10    15  13    15  13    38  13     0   0
   26    4     0   6    11   9    33   6    33   9    22   9    11   9     0   0
   27    1     0  11    13  15    28  14    35  17    17  17    37  16     0   0
   27    2     0   0     0   0     0   0     0   0     0   0     0   0     0   0
   27    3     0   5    11   9    28   7    70  10     0  10    10  10     0   0
   27    4     0   7     0   8    66   6    28   7    25   8    12   8   100   1
   28    1     0   8     0   7    75   8    20  10     0   9    30  10     0   0
   28    2     0   8    11   9    55   9    14   7    22   9    20  10     0   0
   28    3     0  16     4  22    25   8    33  21    13  22    27  22     0   0
   28    4     0   0     0   0     0   0     0   0     0   0     0   0     0   0
   29    1     0   9    16  12    40   5    25  12     0  11    41  12     0   0
   29    2     0   5    12   8    57   7    55   9    22   9    55   9     0   0
   29    3     0   9     0   7    50   8    50  10     0  10    40  10     0   0
   29    4     0  11     0   9    44   9    25  12     8  12    16  12     0   0
   30    1     0  11     0   7    71   7     0  11     0  11    36  11   100   1
   30    2     0  11     0  10    50  10    16  12     8  12    25  12     0   0
   30    3     0   7    33   9    25   4    36  11    10  10    27  11     0   0
   30    4     0   6    11   9    60   5    50   8    10  10    30  10     0   0
   31    1     0   7     0   9    33   3    50  10    10  10    30  10     0   0
   31    2     0   7    30  13     0   2    38  13    15  13    69  13     0   0
   31    3     0   8     9  11    16   6    45  11    18  11    27  11     0   0
   31    4     0   9    18  11    28   7    45  11    18  11    45  11   100   1
   32    1     0   5     0  10    50   2    50  10    20  10    20  10     0   0
   32    2     0   8     9  11     0   3    45  11     0  11    27  11     0   0
   32    3     0   8    37   8   100   7    30  10     0  10    20  10     0   0
   32    4     0   7    11   9    50   6    50  10     8  12    50  12     0   0
   33    1     0   0     0   0     0   0     0   0     0   0     0   0     0   0
   33    2     0  15    12  16    61  13    50  20    23  21    25  20   100   1
   33    3     0   9    14   7    77   9    20  10    11   9    40  10     0   0
   33    4     0  10     0   6    28   7    33   9    30  10    10  10     0   0
   34    1     0  10     0   8    66   9    27  11     0  10     0  11     0   0
   34    2     0   8    20  10    62   8    27  11     8  12    25  12     0   0
   34    3     0   0     0   0     0   0     0   0     0   0     0   0     0   0
   34    4     0  14    15  19    35  17    30  23    13  22    52  23     0   0
   35    1     0   7    11   9    33   6    33   9    11   9    33   9     0   0
   35    2     0  10    16  12    37   8    36  11     0  12    33  12     0   0
   35    3     0   9     0  11    20   5    18  11     0  11    27  11     0   0
   35    4     0  11    18  11    62   8    10  10     9  11    27  11   100   1
   36    1     0  10     9  11    40  10    25  12     8  12    33  12     0   0
   36    2     0   9    11   9    83   6     0   9     0   9    33   9     0   0
   36    3     0   6     0   9    33   6    30  10     0  10    20  10     0   0
   36    4     0  10     0   8    71   7    16  12    18  11    41  12     0   0
   37    1     0   0     0   0     0   0     0   0     0   0     0   0     0   0
   37    2     0  12    14  21    22   9    22  22    13  22    47  23     0   0
   37    3     0   7    11   9    50   4    50  10     0   9    20  10     0   0
   37    4     0   9    16  12    20   5    33  12     8  12     8  12     0   0
   38    1     0  10    22   9    37   8    36  11     9  11    18  11     0   0
   38    2     0   9    27  11    60   5    27  11     0  11    27  11     0   0
   38    3     0   0     0   0     0   0     0   0     0   0     0   0     0   0
   38    4     0  14    10  20    66  15    22  22     4  22    33  21     0   0
   39    1     0  15    22  18    25  12    31  19    28  21    47  21     0   0
   39    2     0   0     0   0     0   0     0   0     0   0     0   0     0   0
   39    3     0   8     0  10    57   7    30  10    10  10    20  10     0   0
   39    4     0  10    10  10    33   6    30  10    10  10    40  10   100   1
   40    1     0   8    18  11    14   7     9  11     9  11     9  11     0   0
   40    2     0   7    20  10    71   7    18  11     9  11     9  11   100   1
   40    3     0  16     4  21    45  11    31  22     8  23    17  23     0   0
   40    4     0   0     0   0     0   0     0   0     0   0     0   0     0   0
