    1    1   998  11   586  10   264   3   532  12   542  12   838  10     0   0
    1    2  1110   5   643   8   247   6   663   8   518   7   989   8     0   0
    1    3  1084   5  1035   8   245   2   540   7   555   8   975   5   294   2
    1    4  1500   8   851   8   250   5   550   8   456   8   798   5   449   1
    2    1  1369   6   811   7   221   5   834   7   674   7  1465   4     0   0
    2    2  1204   7   391   8   267   5   458   9   481   9   825   7     0   0
    2    3  1261   9   674  11   262   6   576  11   593  12  1072   9     0   0
    2    4   888   7   578   5   266   3   461   9   377   9   913   7     0   0
    3    1  1213   6   682   7   187   4   648   9   696   9   740   9     0   0
    3    2  1191  10   536  11   214   8   565  12   492  11   886  12     0   0
    3    3  1089   8   653  10   288   6   494   9   489  10   863   9     0   0
    3    4   870   7   776   7   235   5   748   8   552   8   716   4     0   0
    4    1  1109   8   960  10   217   5   682  10   642  10   758   9     0   0
    4    2  1244   8   988   8   188   6   672   8   649   7   966   8     0   0
    4    3  1000   6   704   8   244   3   427   9   473   9   654   8     0   0
    4    4  1012   8   682  11   147   5   524  10   506  12   708  10     0   0
    5    1   886  10   720  12   211   4   494  12   549  12   784  11     0   0
    5    2   977   7   579   6   400   3   441   7   594   8   566   6     0   0
    5    3  1396   6   592   7   252   5   790   7   665   7   843   6     0   0
    5    4  1196   9   649  10   286   3   562  10   413  10   781   9     0   0
    6    1  1439   6  1089   8   289   5   700   8   704   7  1357   7   294   1
    6    2   996   4   535   6   646   2   604   6   497   7   812   4     0   0
    6    3  1090   9   665  13   223   6   693  12   465  13  1164  12     0   0
    6    4  1451   6   644   7   256   5   762   7   559   6   888   7     0   0
    7    1  1043   8   620   9   370   7   537   9   995   7   779   9     0   0
    7    2  1229   9   506  10   214   4   513  11   517  12  1019  10     0   0
    7    3   811   8   724  10   332   6   438   9   553  10  1123   7     0   0
    7    4  1129   4   651   8   255   2   756   8   551   8   638   6     0   0
    8    1  1147   8   526  10   243   3   553   8   517  10   822   8     0   0
    8    2  1263   7   584   8   301   3   453   8   452   8  1148   4     0   0
    8    3  1429   5   734   8   277   6   544   9   748   9   694   6     0   0
    8    4  1032  10   542  13   220   4   523  13   496  13   990   8     0   0
    9    1  1171  12   524   9   176   3   459  11   331  12   904  10     0   0
    9    2  1058   8   550   7   174   3   430   7   584   9   754   9     0   0
    9    3  1065   3   689   6   206   2   702   7   422   8   715   6     0   0
    9    4  1191   6   468   8   200   6   497  10   402  10   901  10     0   0
   10    1  1047   7   646   7   332   4   537   8   683   8   989   6     0   0
   10    2  1042   7   387   8   278   4   480   8   587   8   725   5     0   0
   10    3     0   0     0   0     0   0     0   0     0   0     0   0     0   0
   10    4   919  16   635  18   228  12   539  19   542  17   810  17     0   0
   11    1  1074  18   626  18   191   9   456  21   425  22   669  16     0   0
   11    2     0   0     0   0     0   0     0   0     0   0     0   0     0   0
   11    3  1207   7   862   8   166   5   412  10   498  10   589   6     0   0
   11    4  1172   6   540   8   210   2   491   8   463   8   529   5     0   0
   12    1   981   8   571   7   229   4   475   9   512   9   860   8     0   0
   12    2  1121   5   642   8   161   3   726   8   717   8   920   5     0   0
   12    3   796   5   462   8   338   3   376   6   523   8   665   6     0   0
   12    4  1118   7   450  10   233   7   364  10   454  11   792   8     0   0
   13    1     0   0     0   0     0   0     0   0     0   0     0   0     0   0
   13    2  1031  18   535  19   178   7   441  21   425  20   781  18     0   0
   13    3  1053   5   754   8   233   7   835   8   624   8  1051   5     0   0
   13    4   750   8   492   9   242   4   384  10   342  10   987   7   271   1
   14    1   887   3   560   6   302   2   380   7   601   7   705   4     0   0
   14    2  1366   8   477   9   269   5   468  10   431   9   924   6     0   0
   14    3  1205   8   716  11   192   6   531  11   312  11   855  11     0   0
   14    4  1054   9   487   8   279   7   527   9   279   9   790   8     0   0
   15    1  1138  16   681  19   270   5   482  20   566  20   723  17     0   0
   15    2     0   0     0   0     0   0     0   0     0   0     0   0     0   0
   15    3   971  10   651  10   163   4   586   8   384   9   755   9     0   0
   15    4  1060   7   721   8   134   2   381   8   364   7   714   5     0   0
   16    1   825   5   388   6   244   3   421   8   525   9   627   6     0   0
   16    2  1203   4   641   6   413   3   390   7   567   7   672   6     0   0
   16    3  1397   7   762   7   266   3   421   8   529   8   523   7     0   0
   16    4  1109  11   625  11   178   1   393  11   449  12   731   6     0   0
   17    1     0   0     0   0     0   0     0   0     0   0     0   0     0   0
   17    2  1012  15   670  16   249   6   712  17   570  20   744  12     0   0
   17    3  1033   6   672   8   261   2   730   7   678   8   911   5     0   0
   17    4   859   5   742   6   185   4   719   7   502   8   803   6     0   0
   18    1  1157   7   729   8   214   4   639   8   548   8   767   6     0   0
   18    2   676   8   672   9   274   4   592   9   480   9   822   9     0   0
   18    3     0   0     0   0     0   0     0   0     0   0     0   0     0   0
   18    4   950  16   706  19   186   6   595  18   428  20   901  16     0   0
   19    1  1316   6   407   7   223   5   598   7   537   7   964   8     0   0
   19    2  1022   5   526  13   189   3   440  12   503  13   984  10     0   0
   19    3  1378   7   758   9   286   7   644  10   546  10   695   8     0   0
   19    4  1319   6   733   7   279   6   677   7   552   7  1001   5     0   0
   20    1   774   5   524   9   194   6   484   9   422   9   775   8     0   0
   20    2  1075   5   333   7   230   5   734   7   393   7   874   7     0   0
   20    3  1071   5   620   7   483   6   587   8   576   8   754   6     0   0
   20    4  1050   9   531  12   193   4   450  10   471  12   664  12     0   0
   21    1   863  10   680  12   183   8   622  12   438  12   931  11     0   0
   21    2   889   5   496   8   353   6   516   8   452   7   451   7     0   0
   21    3  1156   5   721   7   171   1   434   8   428   8  1056   5     0   0
   21    4  1083   7   604   9   177   4   668   7   471   9   603   7     0   0
   22    1  1203   5   630   8   397   2   551   8   675   8  1034   5     0   0
   22    2  1224   6   909   9   191   2   729   8   733   9   713   8     0   0
   22    3     0   0     0   0     0   0     0   0     0   0     0   0     0   0
   22    4   693  11   725  16   170   7   489  20   471  21   875  17     0   0
   23    1   902  16   605  19   193  10   479  18   394  17  1129  16   236   1
   23    2     0   0     0   0     0   0     0   0     0   0     0   0     0   0
   23    3  1114   6   443   7   220   3   464   8   473   7   598   5     0   0
   23    4  1163   7   538   8   239   3   799   8   583   8  1142   7     0   0
   24    1   914   7   486   8   267   4   411  10   431   7   575   9     0   0
   24    2  1013   5   570   6   208   3   656   8   425   7   998   5     0   0
   24    3  1119   7   419   9   281   6   481   8   575   9   708   7     0   0
   24    4   932  10   438  10   204   4   505  11   592  10   896  11     0   0
   25    1     0   0     0   0     0   0     0   0     0   0     0   0     0   0
   25    2  1061  15   465  20   240  13   588  20   372  20   813  19     0   0
   25    3  1394   6   691   6   262   5   964   7   692   6  1075   6     0   0
   25    4  1108   8   517   8   211   7   692  10   428  10   738   8     0   0
   26    1  1334   7   802   8   283   6   853   8   579   8  1205   7     0   0
   26    2  1175   7   458   9   330   5   495   8   550   8   622   7     0   0
   26    3  1200   7   673  11   236   8   532  11   452  10   880  11     0   0
   26    4   922   6   517   8   166   3   601   8   441   8   583   5     0   0
   27    1  1152  14   661  19   303  13   599  19   727  18   975  16     0   0
   27    2     0   0     0   0     0   0     0   0     0   0     0   0     0   0
   27    3  1361   7   494   8   170   3   608   9   688   8   467   6     0   0
   27    4  1124   5   378   7   353   3   571   7   671   7   509   6     0   0
   28    1  1390   6   624   6   298   4   784   7   439   6   733   6     0   0
   28    2   857   6   679   4   535   2   640   6   539   6   672   6     0   0
   28    3  1137  13   671  21   200   8   510  20   571  21   682  16     0   0
   28    4     0   0     0   0     0   0     0   0     0   0     0   0     0   0
   29    1   970   7   640  10   193   4   556  10   493  10   982   8     0   0
   29    2  1144   8   429   7   428   4   628   9   441   9   673   8     0   0
   29    3  1170   4   837   6   179   3   629   7   670   6   559   6     0   0
   29    4  1139   6   687   8   272   6   503  10   571  10   937  10     0   0
   30    1  1405   8   741   8   193   3   679   8   780   8  1341   8     0   0
   30    2  1013   9   563   9   206   7   582  10   563  10   913   9     0   0
   30    3   917   9   580  11   200   6   553  11   504  12   893  10     0   0
   30    4  1152   8   512   8   249   4   532   7   452   9  1107   6     0   0
   31    1   924   9   620   9   446   3   526   9   660   8   900   7     0   0
   31    2   935   9   737  11   194   2   499  11   450  12   544  10     0   0
   31    3  1045   7   748  10   252   6   661   8   479  10   544   8     0   0
   31    4  1134   6  1036   7   229   4  1202   7   402   7   926   6     0   0
   32    1  1041   7   674   8   247   3   561   9   636   9   952   6     0   0
   32    2  1337   4   693   7   258   1   548   7   515   8   634   5     0   0
   32    3   920   7   437   7   264   7   466   7   439   8   619   7     0   0
   32    4  1096   7   626  10   160   2   553  10   394   9   724   7     0   0
   33    1     0   0     0   0     0   0     0   0     0   0     0   0     0   0
   33    2  1216  14   365  18   218  12   533  18   431  16   797  14     0   0
   33    3  1229   3   761   7   263   4   607   8   628   8  1389   5     0   0
   33    4  1216   7   554   8   206   4   740   7   503   8   966   6     0   0
   34    1   786   5   636   8   369   3   739   8   486   8   705   6     0   0
   34    2   834   8   592  10   252   5   536   7   567   9   806   9     0   0
   34    3     0   0     0   0     0   0     0   0     0   0     0   0     0   0
   34    4  1043  19   529  18   240   8   562  19   507  20   737  18     0   0
   35    1  1256   7   633   8   339   7   538   9   409   8   630   9     0   0
   35    2  1235   7   606  10   199   7   417  12   348  12   796  10     0   0
   35    3  1038   6   766   8   253   4   648   8   392   8   682   8     0   0
   35    4  1162   6   669   8   306   6   670   7   441   7   807   8     0   0
   36    1  1180   8   595   9   192   6   555  10   516  10   759   7     0   0
   36    2  1324   5   511   6   217   3   581   6   610   6   907   5     0   0
   36    3  1005   8   661   9   310   5   593   9   475   9   320   7     0   0
   36    4  1107  10   560   9   180   4   532  11   449  12   774  10     0   0
   37    1     0   0     0   0     0   0     0   0     0   0     0   0     0   0
   37    2   945  19   560  19   179   9   478  20   503  21   643  19     0   0
   37    3  1148   7   874   6   275   3   713   7   656   8   644   7     0   0
   37    4   978  10   617  10   196   3   663   8   589  10   705   8     0   0
   38    1  1124   5   935   8   201   5   756   7   915   8  1066   6     0   0
   38    2  1051   6   763   9   348   2   405   9   472   9   908   6     0   0
   38    3     0   0     0   0     0   0     0   0     0   0     0   0     0   0
   38    4  1062  19   571  18   271   4   615  21   478  19   596  19     0   0
   39    1  1035  17   783  19   167  13   808  19   588  22   958  20     0   0
   39    2     0   0     0   0     0   0     0   0     0   0     0   0     0   0
   39    3   853   9   738  10   249   6   554  10   536  10   861   9     0   0
   39    4  1153   4   953   7   340   5   989   5   855   7  1022   5   165   1
   40    1  1213   6   818  10   188   4   804   9   455  10   530   6     0   0
   40    2  1271   5   792   8   251   5   683   8   502   7   928   7   242   1
   40    3  1276  15   893  19   256   3   595  21   403  21   731  16     0   0
   40    4     0   0     0   0     0   0     0   0     0   0     0   0     0   0
