    1    1   333   7   242   3     0   0   208   5   254   5   245   2     0   0
    1    2   344  10   235   6     0   0   266   7   268   8   241   4     0   0
    1    3   310   7   191   6     0   0   198   5   317   4   255   4     0   0
    1    4   328   9   208   8     0   0   255  10   248  10   170   7     0   0
    2    1   437   8   236   6     0   0   230   7   202   6   214   4     0   0
    2    2   357  10   241   9     0   0   199   6   180   5   149   5     0   0
    2    3   441   5   246   5     0   0   184   5   263   4   188   4     0   0
    2    4   308  11   247  10     0   0   221  11   202  10   331   4     0   0
    3    1   296   8   206  10   200   1   224   6   208   6   181   9     0   0
    3    2   381  10   217   6     0   0   250  10   232   9   195   9     0   0
    3    3   402  10   175   8     0   0   208   8   210   5   181   8     0   0
    3    4   271   8   191   8     0   0   221   7   223   5   224   9     0   0
    4    1   323  10   198   8     0   0   170   7   258   6   224   9     0   0
    4    2   308   8   205   7   141   1   280   6   229   8   176   8     0   0
    4    3   393   6   243   7     0   0   233   5   271   5   204   6     0   0
    4    4   334  11   190  12     0   0   230  11   198   9   192  13     0   0
    5    1   330   7   239   4     0   0   181   3   239   6   227   7     0   0
    5    2   404   8   199   9   317   1   221   5   162   4   173   8     0   0
    5    3   312  10   205   6     0   0   266   6   167   6   203   6     0   0
    5    4   348   6   245   4     0   0   239   1   243   4   220   8   449   1
    6    1   292   8   413   8   221   2   302   8   314   7   291   7     0   0
    6    2   443   4   363   3   246   1   268   5   227   4   436   2     0   0
    6    3   493   5   265   6   244   1   274   5   343   5   238   5     0   0
    6    4   549   2   407   3     0   0   365   4   326   4   420   3     0   0
    7    1   335   6   303   4     0   0   261   4   416   2   244   5     0   0
    7    2   349   7     0   0     0   0   220   3   279   3   289   8     0   0
    7    3   358   5   332   4     0   0   214   1   179   1   265   6     0   0
    7    4   380   9   286   4     0   0   240   4   291   7   336   9     0   0
    8    1   246   9   264   7     0   0   222   8   298   7   248   8     0   0
    8    2   224   9   241   8     0   0   190   6   221   7   274   9     0   0
    8    3   302   5   219   4     0   0   236   5   183   4   270   6     0   0
    8    4   264  11   220   5   200   1   232  10   214  11   227  11     0   0
    9    1   357  10   158   7     0   0   203   8   238   7   275   8     0   0
    9    2   372   9   173   9     0   0   210   9   277   4   324   4     0   0
    9    3   388   9   202   8     0   0   292   8   299   8   265   7     0   0
    9    4   445   8   246   6     0   0   205   9   307   7   225   6     0   0
   10    1   443   6   224   7     0   0   271   9   281  10   221   6     0   0
   10    2   317   9   177   6   151   1   207   7   190   7   160   2     0   0
   10    3   426   8   204   7     0   0   269   8   237   7   259   4     0   0
   10    4   215   7   270   6     0   0   205   8   252   4   239   5     0   0
   11    1   358  10   280   6     0   0   264   8   275   8   257   9     0   0
   11    2   400   8   255   2     0   0   272   6   238   8   255   5     0   0
   11    3   338  10   248   3     0   0   240   8   277   9   231   8     0   0
   11    4   388   9   263   6     0   0   249   5   223   3   258   8     0   0
   12    1   430   8   237   7   252   2   211   6   200   6   176   9     0   0
   12    2   445   5   148   5     0   0   257   7   207   3   181   9     0   0
   12    3   450   5   201   7     0   0   189   5   207   1   224   7     0   0
   12    4   493  10   224  10     0   0   216   7   197   7   240  11     0   0
   13    1   184   9   206   7   288   1   231   8   222   5   178   7     0   0
   13    2   172   9   197   9     0   0   184   9   184   7   182  10     0   0
   13    3   238   6   193   5     0   0   231   6   189   6   162   5     0   0
   13    4   226  11   195  10     0   0   187  11   197  11   217  11     0   0
   14    1   386   8   220   6     0   0   227   6   333   5   195   7     0   0
   14    2   254   5   347   2   290   1   259   5   265   4   209   6     0   0
   14    3   350  10   203   9     0   0   254   6   263   7   271   6     0   0
   14    4   372   8   174   2     0   0   232   6   182   4   215   8     0   0
   15    1   264   8   196   4     0   0   234   7   199   7   188   8     0   0
   15    2   297   7   221   4     0   0   279   3   231   5   172   7     0   0
   15    3   249   6   215   7     0   0   204   7   247   9   177   9     0   0
   15    4   226   5   219   6     0   0   247   9   228   8   246   8   271   1
   16    1   314  10   158   6     0   0   172   6   201   6   208   7     0   0
   16    2   181   7   196   5     0   0   239   5   191   8   179   6     0   0
   16    3   240  10   170   5     0   0   168   8   213   7   133   6     0   0
   16    4   268   9   249   5     0   0   208   5   159   6   160   6     0   0
   17    1   140   5   173   5     0   0   180   2   278   4   208   9     0   0
   17    2   287   4   152   5     0   0   187   1   178   1   186   9     0   0
   17    3   224   2   176   5     0   0   209   4   267   5   174  10     0   0
   17    4   363   4   176   9     0   0   192   5   245   3   202  10     0   0
   18    1   271   9   217   7   194   1   232   7   206   7   242   9     0   0
   18    2   328   7   267   6   325   1   278   4   190   7   191   9     0   0
   18    3   245   9   206   9   159   1   206   7   236   7   194   8     0   0
   18    4   344  10   189   6     0   0   231   9   197   7   186   6     0   0
   19    1   373   7   284   9     0   0   248  10   316  10   254   9     0   0
   19    2   407   6   352  10   329   2   281   8   245  10   245  10     0   0
   19    3   396   7   245   9   275   1   259   9   267   7   278   9     0   0
   19    4   367   7   217   8     0   0   278   9   230  10   274  10     0   0
   20    1   333  10   170   8   416   4   237   9   297   8   301   6     0   0
   20    2   375   8   186   9   384   3   208   9   301   9   266   6     0   0
   20    3   279  10   181   9   229   3   187   6   222   9   330   6     0   0
   20    4   353  10   234   8   221   2   207  10   238   7   252   6     0   0
   21    1   303   9   272   9     0   0   225   7   262   7   248   7     0   0
   21    2   308   8   305   8     0   0   222   9   224   6   213   8     0   0
   21    3   378   9   185  10     0   0   239   7   245   7   238   4     0   0
   21    4   285   8   186   8     0   0   225   8   235   9   200   5     0   0
   22    1   348   6   211   8     0   0   229   9   248   9   202   9     0   0
   22    2   285   8   223   7   235   2   210   7   241   7   205   8     0   0
   22    3   476   5   240   8   239   3   287   8   198   8   253   6     0   0
   22    4   453   7   290   7   151   3   229   6   208   4   237   7     0   0
   23    1   405   7   261   7     0   0   240   8   208   6   313   4     0   0
   23    2   438   9   293   3     0   0   241   4   226   5   268   3     0   0
   23    3   473  10   267   8     0   0   271   7   199   6   261   4     0   0
   23    4   385  10   229   9     0   0   242  10   236   7   249   6     0   0
   24    1   358   5   311   8   267   1   232   7   302   6   159   1     0   0
   24    2   302   7   203   5     0   0   235   7   202   7   242   3     0   0
   24    3   355   6   240   6   241   1   240   7   259   8   272   3     0   0
   24    4   376   7   231   5     0   0   207   7   273   6   199   1     0   0
   25    1   335   8   207  10     0   0   250   8   226   5   212  10     0   0
   25    2   376   7   212   5     0   0   252   8   277   4   201   9     0   0
   25    3   365   6   184   7     0   0   228   8   193   7   199   9     0   0
   25    4   317   8   221   7     0   0   290   8   205   5   254   9     0   0
   26    1   334  10   218   8     0   0   276   7   212   7   312   4     0   0
   26    2   320   7   206   8     0   0   226   5   201   6   228   2     0   0
   26    3   303   9   232  10     0   0   232   8   217  10   179   4     0   0
   26    4   299   9   220   6     0   0   218   6   234   7   229   4     0   0
   27    1   308   8   303   7     0   0   195   7   290   7   392   7     0   0
   27    2   438   6   334   8     0   0   230   7   288   9   303   9     0   0
   27    3   475   5   339   6   195   1   222   6   272   6   327   4     0   0
   27    4   343   8   322  10     0   0   313  10   268  12   327   8     0   0
   28    1   482   7   274   8   168   1   223   8   260   8   241   6     0   0
   28    2   330   9   293   8   215   1   215   8   222   6   184   6     0   0
   28    3   495   6   310   7   293   1   382   6   252   8   220   5     0   0
   28    4   426   9   288  10     0   0   238   9   222   9   216   6     0   0
   29    1   246   4   189   7     0   0   132   1   217   3   207   6     0   0
   29    2   341   5   207   3     0   0   337   4   186   6   202   7     0   0
   29    3   273   2   193   3     0   0   194   2   189   4   185   5     0   0
   29    4   212   3   284   4   184   1   189   3   212   5   192   7     0   0
   30    1   313   8   267   5     0   0   187   3   273   6   255   5     0   0
   30    2   359   7   258   6     0   0   231   5   244   6   252   7     0   0
   30    3   320   3   296   4     0   0   276   3   401   3   268   5     0   0
   30    4   326  11   250   9     0   0   237   5   231   8   241   7     0   0
   31    1   259   6   190   8   287   1   250   8   262  10   278   8     0   0
   31    2   257   8   220   4   227   4   232   5   262   7   192   8     0   0
   31    3   305   6   195   8     0   0   256   9   285   8   322   9     0   0
   31    4   331   8   263   7     0   0   190   7   278   6   238   9     0   0
   32    1   455   7   309   7   300   1   231   6   271   9   245   9     0   0
   32    2   419   5   209   7   133   1   266   8   282   7   303  10     0   0
   32    3   408   5   265   7   269   1   282   7   294   4   241   6     0   0
   32    4   399   6   242   9   199   2   330   9   251   8   221   9     0   0
   33    1   370   8   169   8     0   0   178   6   172   5   217   8     0   0
   33    2   377   9   191   7   205   1   204   8   187   7   212   7     0   0
   33    3   400  10   225   9   152   1   194   7   207   8   209   7     0   0
   33    4   283   9   216   6     0   0   187   8   178   7   196   6     0   0
   34    1   401  10   246   8     0   0   190   6   177   6   175   8     0   0
   34    2   475  10   205   8     0   0   177   7   183   7   155   8     0   0
   34    3   447   7   244   7     0   0   218   7   215   5   141   5     0   0
   34    4   466  11   234   9     0   0   211  11   212   9   172  11     0   0
   35    1   357   6   232   6     0   0   213   5   286   5   248   6     0   0
   35    2   297   2   221   3   386   1   209   3   244   5   197   5     0   0
   35    3   462   4   275   7   288   2   220   6   309   6   239   6     0   0
   35    4   477   5   256   4     0   0   245   6   217   6   242   7     0   0
   36    1   399   9   285  10     0   0   265   9   262   8   228  10     0   0
   36    2   396   9   226   6     0   0   289   7   248   7   204   9     0   0
   36    3   413   9   282   6   257   1   244  10   223   6   252  10     0   0
   36    4   459  10   252   7   209   3   273   9   229   5   230   8     0   0
   37    1   339   7   214   8     0   0   183   9   232   9   181   6     0   0
   37    2   299   9   221   8     0   0   188  10   204   8   199   5     0   0
   37    3   400   7   229   8   232   1   183   6   246   5   192   6     0   0
   37    4   370   8   202   6     0   0   216   6   210   7   208   6     0   0
   38    1   348   9   350  10   200   3   255   9   244  10   223   9     0   0
   38    2   456   7   244   4   247   1   249   6   266   6   297   9     0   0
   38    3   352   8   234   7   238   1   309   8   305   8   304   5     0   0
   38    4   309   4   238   7   240   2   227   7   258   7   285   6     0   0
   39    1   286   9   194   8     0   0   228   8   162   8   145   8     0   0
   39    2   260  10   192   9     0   0   196   9   170   6   150   8     0   0
   39    3   235   4   169   6     0   0   197   6   179   5   125   5     0   0
   39    4   255  12   212  12   179   1   200  12   171   8   150   7     0   0
   40    1   342   8   230   8     0   0   258   6   247   9   240   9     0   0
   40    2   260   8   235   6     0   0   208   7   234   9   227   8     0   0
   40    3   335   7   187   4     0   0   231   7   235   8   213   7     0   0
   40    4   242   7   274   3     0   0   199   7   235   5   214   7     0   0
