    1    1  1136  12   681  10   517   3   890  12   693  12  1071  11     0   0
    1    2  1110   5   845   8   620   6   663   8   826   7  1072   8     0   0
    1    3  1817   7  1035   8   245   2   572   7   799   8  1044   5  1782   2
    1    4  1500   8  1080   8   579   5   622   8   764   8  1463   6   449   1
    2    1  1682   7   811   7   265   5   834   7  1264   7  2042   6     0   0
    2    2  1306   8   570   8   497   5   913   9  1170   9  1396   8     0   0
    2    3  1650  11   743  11   471   6   625  11   916  12  2944  10     0   0
    2    4  1219   9  1007   6   547   3   630   9   377   9  1311   8     0   0
    3    1  1527   8   812   7   407   4   648   9   696   9  1173   9     0   0
    3    2  1270  11   648  11   426   9   738  12   492  11  1261  12     0   0
    3    3  1220   9   803  10   358   6   902   9   722  10  1177   9     0   0
    3    4  1116   8  1585   7   937   5   806   8  1164   8   974   4     0   0
    4    1  1259   9  1002  10   217   5   712  10  1241  10  2025   9     0   0
    4    2  1244   8  1274   8   332   6   821   8  1152   7  2353   8     0   0
    4    3  1558   8   813   8   634   3   448   9   734   9  1053   8     0   0
    4    4  1215   8   725  11   166   5   524  10   790  12  1579  11     0   0
    5    1  1189  12  1166  13   211   4   673  12   587  12  1252  11     0   0
    5    2  1247   7   685   6   696   3   598   7   645   7   877   7     0   0
    5    3  1531   7  1254   7   441   5   790   7   796   7   843   6     0   0
    5    4  1196   9   869  10   345   3   696  10   510  10  1044   9     0   0
    6    1  1597   8  1201   8   472   5   700   8   766   7  1857   8   473   1
    6    2  1466   5   690   6   763   2   805   6   907   7  1084   4     0   0
    6    3  1278  10   982  13   307   6   731  12   509  12  1492  13     0   0
    6    4  1451   6   877   7   344   5  1001   7   559   6  1283   7     0   0
    7    1  1250   9   703   9   471   7   662   9   995   7  1038   9     0   0
    7    2  1389  10   600  10   259   4   650  11   926  12  1491  10     0   0
    7    3   979   9   931  10   633   6   965  10   604  10  2333   8     0   0
    7    4  1713   7  1106   8   355   2  1088   8  1574   8  1634   7     0   0
    8    1  1653   9   620  10   243   3   686   8   912  10  2386   8     0   0
    8    2  1546   8   776   8   381   3   453   8   605   8  2392   7     0   0
    8    3  1767   7   794   8   507   6   569   9   818   9  1430   8     0   0
    8    4  1292  12   768  13   320   4   523  13  1087  13  2380   9     0   0
    9    1  1049  12   672   6   668   1   520   6   977   7  1591   5     0   0
    9    2  1058   8   550   7   174   3  1248   7   738   9  1071   9     0   0
    9    3  2025   6  1049   6   276   2   764   7   665   8  3251   5     0   0
    9    4  1191   6   734   8   505   6   648  10   454  10  1721  10     0   0
   10    1  1199   8   646   7   568   4   697   8   832   8  3255   6     0   0
   10    2  1042   7   470   8   278   4   480   8   779   8  3349   7     0   0
   10    3     0   0     0   0     0   0     0   0     0   0     0   0     0   0
   10    4  1066  18   679  18   501  12   729  19   955  19  1781  17     0   0
   11    1  1347  21   678  18   399   9   525  20   543  22   833  16     0   0
   11    2     0   0     0   0     0   0     0   0     0   0     0   0     0   0
   11    3  1452   9   939   8   450   5   505  10   533  10   763   6     0   0
   11    4  1659   7   899   8   465   3   759   8   495   7  1075   5     0   0
   12    1   981   8   700   7   278   4   729   9   575   9  1157   8     0   0
   12    2  1985   8   894   8   967   3   726   8   864   8  2439   6     0   0
   12    3  1080   6   549   8   571   3   953   6   803   8   868   6     0   0
   12    4  1483   9   503  10   308   7   432  10   796  11  2259   9     0   0
   13    1     0   0     0   0     0   0     0   0     0   0     0   0     0   0
   13    2  1153  20   727  20   310   7   599  21   583  20  1963  18     0   0
   13    3  1333   6   754   8   286   7   835   8   952   8  2613   5     0   0
   13    4   945   9   559   9   652   4   833  10   635   9   959   8   271   1
   14    1  2062   5   783   6   302   2  1085   7   780   7  4083   4     0   0
   14    2  1480   9   950   9   514   5   691  10   677   9  1414   7     0   0
   14    3  1403   9   907  11   423   6   797  11   377  11  1453  11     0   0
   14    4  1054   9   519   8   332   7   875   9   502   9  1085   8     0   0
   15    1  1277  18   775  19   512   5   542  20   765  20  2069  17     0   0
   15    2     0   0     0   0     0   0     0   0     0   0     0   0     0   0
   15    3   971  10  1188  10   429   4   880   8   681   9   848   9     0   0
   15    4  1060   7  1212   8   214   2   848   8  1475   7  1671   5     0   0
   16    1  1851   8   645   6   510   3   787   8   597   9  1352   6     0   0
   16    2  1965   7   925   6   520   3   669   8   735   7  1303   6     0   0
   16    3  1397   7   792   7   816   3   654   8   742   8   523   7     0   0
   16    4  1200  12   869  11   178   1   638  11   894  12   946   6     0   0
   17    1     0   0     0   0     0   0     0   0     0   0     0   0     0   0
   17    2  1397  17   771  16   623   6   816  18   783  20  1036  12     0   0
   17    3  1471   7   938   8   339   2  1006   7  1527   8  1184   6     0   0
   17    4  1615   8   833   6   790   4   992   7   913   8   833   6     0   0
   18    1  1212   7  1120   8   489   4   639   8   668   8  1521   7     0   0
   18    2   830   9  1203   9   393   4   736   9   757   9  1073  10     0   0
   18    3     0   0     0   0     0   0     0   0     0   0     0   0     0   0
   18    4  1121  18   851  19   242   6   713  18   613  20  1752  17     0   0
   19    1  1316   6   551   7   528   5   623   7   718   7   964   8     0   0
   19    2  1497   8   878  13   558   3   697  12   713  13  1259  10     0   0
   19    3  1568   9   929   9   693   7   670  10   572  10   833   8     0   0
   19    4  1319   6   899   7   466   6   878   7   552   7  1168   5     0   0
   20    1   774   5   606   9   506   6   683   9   462   9  1141   8     0   0
   20    2  1400   7   682   7   353   5   799   7   686   7  2026   7     0   0
   20    3  1235   6   658   7   815   6   920   8  1017   8  1494   5     0   0
   20    4  1297  10   676  12   991   3   450  10   696  12  1778  12     0   0
   21    1  1222  12   694  12   359   8   768  12   773  12  2526  11     0   0
   21    2  1085   6   578   8   479   6   877   8   848   7   941   7     0   0
   21    3  2008   8   949   7   357   1  1298   8   779   8  1191   5     0   0
   21    4  1341   9   965   9   400   4   668   7   712   9  1225   7     0   0
   22    1  1388   6  1220   8   397   2   733   8   807   8  1593   6     0   0
   22    2  1590   8   996   9   191   2   779   8  1466   9  1513   8     0   0
   22    3     0   0     0   0     0   0     0   0     0   0     0   0     0   0
   22    4  1593  16  1265  17   263   7   730  20   728  21  2795  17     0   0
   23    1   991  17   699  19   283  11   494  18   425  17  1547  18   421   1
   23    2     0   0     0   0     0   0     0   0     0   0     0   0     0   0
   23    3  1272   7  1021   8   476   3   596   8   961   7  1476   5     0   0
   23    4  1361   8  1454   8   523   3   854   8   667   8  1924   7     0   0
   24    1  1052   8   819   8   856   4  1029  10   528   7  1499   9     0   0
   24    2  1477   6   775   6   569   3  1172   8  1039   7  1690   5     0   0
   24    3  1119   7   617   9   327   6   792   8   702   9  1070   8     0   0
   24    4  1007  10   618  10   258   4   757  11  1389  10  1590  11     0   0
   25    1     0   0     0   0     0   0     0   0     0   0     0   0     0   0
   25    2  1324  17   660  20   550  13   792  20   612  20  1666  19     0   0
   25    3  1556   7  1111   6   518   5  1247   7   838   6  1466   6     0   0
   25    4  1218   9  1176   8   465   7  1167  10   699  10  2194   8     0   0
   26    1  1334   7   890   8   565   6   877   8   608   8  1328   8     0   0
   26    2  1304   8   649   9   459   5   728   8   729   8   995   7     0   0
   26    3  1550  10   844  11   467   8   532  11   452  10  1025  11     0   0
   26    4  1534   8   902   8   363   3   629   7   441   8  1056   5     0   0
   27    1  1626  18   829  19   542  13   839  19   959  18  1394  16     0   0
   27    2     0   0     0   0     0   0     0   0     0   0     0   0     0   0
   27    3  1457   8   684   8   338   3  1035   9   766   8   588   5     0   0
   27    4  1124   5   757   7   624   3   832   7   720   7   979   6     0   0
   28    1  1547   7   654   6   399   4   994   7   471   6   981   6     0   0
   28    2  1147   7  1013   4   949   2   736   6   539   6  1026   4     0   0
   28    3  1527  16   760  21   742   8   786  20   754  21  1247  16     0   0
   28    4     0   0     0   0     0   0     0   0     0   0     0   0     0   0
   29    1  1442  10   920  10   558   4   653  10   676  10  1474   9     0   0
   29    2  1294   9   636   7   513   4   853   9   764   9  1062   8     0   0
   29    3  1803   5  1025   6   799   3  1001   7   840   6  2934   6     0   0
   29    4  1139   6   929   8   550   6   706  10   674  10  1161  10     0   0
   30    1  1405   8   926   8   526   3   701   8   888   8  1483   8     0   0
   30    2  1013   9   717   9   443   7   682  10   854  10  1316   9     0   0
   30    3  1224  10   968  11   440   6   863  11   620  12  1564  11     0   0
   30    4  1364   9   609   8   841   4   602   7   696   9  1613   7     0   0
   31    1   924   9   769   9   446   3   821   9   909   8  1392   7     0   0
   31    2  1385  12   973  11   282   2   579  11   631  12  1248  10     0   0
   31    3  1274   8  1197  10   364   6   915   8   853  10   912   8     0   0
   31    4  1134   6  1618   7   399   4  1283   7   730   7  1116   6     0   0
   32    1  1041   7   958   8   708   3   663   9   881   9  1468   6     0   0
   32    2  1724   6   795   7   258   1   727   7   896   8  1021   6     0   0
   32    3  1074   8   616   7   593   7   492   7   439   8  1063   7     0   0
   32    4  1096   7   671  10   294   2   810  10   829   9  1618   7     0   0
   33    1     0   0     0   0     0   0     0   0     0   0     0   0     0   0
   33    2  1418  17   561  18   403  12   756  18   786  16  1129  15     0   0
   33    3  2205   7   761   7   539   4   642   8  1834   8  1665   5     0   0
   33    4  1400   8   838   8   287   4   740   7   750   8  1081   6     0   0
   34    1  1112   6   739   8   540   3  1115   8   774   8   790   6     0   0
   34    2   834   8   858  10   292   5   641   7   619   9  1215   9     0   0
   34    3     0   0     0   0     0   0     0   0     0   0     0   0     0   0
   34    4  1043  19   756  19   499   8   744  19   670  20  1812  18     0   0
   35    1  1387   8   657   8   479   7   538   9   493   8   979   9     0   0
   35    2  1990  11   616  10   291   7   652  12   431  12  1276  11     0   0
   35    3  1496   8   943   8   475   4   659   8   622   8  1344   8     0   0
   35    4  1404   7  1262   8   506   6   780   7   700   7  1232   8     0   0
   36    1  1294   9   712   9   281   6   774  10   942  10  1263   8     0   0
   36    2  1324   5   679   6   434   3   883   6   692   6  1298   5     0   0
   36    3  1005   8   758   8   345   5   593   9   724   9   784   7     0   0
   36    4  1107  10   615   9   541   4   809  12   686  12  1129  11     0   0
   37    1     0   0     0   0     0   0     0   0     0   0     0   0     0   0
   37    2   964  19   782  19   300   9   779  20   932  21  1229  18     0   0
   37    3  1524   8  1190   6   851   3  1170   7   836   8  1212   7     0   0
   37    4   978  10   963  10   263   3  1035   8   993  10   761   8     0   0
   38    1  1203   5  1272   8   310   5  1018   7   939   8  1413   8     0   0
   38    2  1051   6   967   9   564   2   816   9   877   9  1122   6     0   0
   38    3     0   0     0   0     0   0     0   0     0   0     0   0     0   0
   38    4  1062  19   988  18   815   4   615  21   610  19  1046  19     0   0
   39    1  1206  19  1013  19   616  13   956  20   829  22  1547  21     0   0
   39    2     0   0     0   0     0   0     0   0     0   0     0   0     0   0
   39    3   907   9  1073  10   570   6   848  10   802  10  1750  10     0   0
   39    4  1521   5  1014   7   623   5  1194   5  1042   7  2997   6   488   1
   40    1  1589   9  1116  10   408   4   907   9   892  10   951   7     0   0
   40    2  1841   8   792   8   637   5   683   8   536   7  1178   7   730   1
   40    3  1395  16   948  19   311   3   670  21   714  21  1028  16     0   0
   40    4     0   0     0   0     0   0     0   0     0   0     0   0     0   0
