    1    1   100  13    76  13    23  13    92  13    92  13    84  13     0  13
    1    2   100   9    88   9    66   9    88   9    88   9    88   9     0   9
    1    3   100   8   100   8    25   8   100   8   100   8    62   8    25   8
    1    4   100   8   100   8    62   8   100   8   100   8    75   8    12   8
    2    1   100   7   100   7    71   7   100   7   100   7    85   7     0   7
    2    2   100   9    88   9    55   9   100   9   100   9    88   9     0   9
    2    3   100  12    91  12    50  12    91  12   100  12    91  12     0  12
    2    4   100   9    66   9    33   9   100   9   100   9    88   9     0   9
    3    1   100   9    77   9    44   9   100   9   100   9   100   9     0   9
    3    2   100  12    91  12    66  12   100  12    91  12   100  12     0  12
    3    3   100  10   100  10    60  10    90  10   100  10    90  10     0  10
    3    4   100   8    87   8    62   8   100   8   100   8    62   8     0   8
    4    1   100  10   100  10    50  10   100  10   100  10    90  10     0  10
    4    2   100   8   100   8    75   8   100   8    87   8   100   8     0   8
    4    3    88   9    88   9    33   9   100   9   100   9    88   9     0   9
    4    4   100  12   100  12    41  12    83  12   100  12    91  12     0  12
    5    1   100  13   100  13    30  13    92  13    92  13    84  13     0  13
    5    2   100   8    87   8    37   8   100   8   100   8    87   8     0   8
    5    3   100   7   100   7    71   7   100   7   100   7   100   7     0   7
    5    4   100  10   100  10    30  10   100  10   100  10    90  10     0  10
    6    1   100   8   100   8    62   8   100   8   100   8   100   8    12   8
    6    2   100   7    85   7    28   7    85   7   100   7    57   7     0   7
    6    3   100  13   100  13    46  13    92  13   100  13   100  13     0  13
    6    4   100   7   100   7    71   7   100   7    85   7   100   7     0   7
    7    1   100   9   100   9    77   9   100   9    77   9   100   9     0   9
    7    2   100  12    83  12    33  12    91  12   100  12    83  12     0  12
    7    3   100  10   100  10    60  10   100  10   100  10    90  10     0  10
    7    4   100   8   100   8    25   8   100   8   100   8    87   8     0   8
    8    1   100  10   100  10    30  10    80  10   100  10    90  10     0  10
    8    2   100   8   100   8    37   8   100   8   100   8    87   8     0   8
    8    3    88   9    88   9    66   9   100   9   100   9    88   9     0   9
    8    4   100  13   100  13    30  13   100  13   100  13    69  13     0  13
    9    1   100  12     0   0     0   0     0   0     0   0     0   0     0   0
    9    2    88   9    88   9    33   9    88   9   100   9   100   9     0   9
    9    3   100   8    87   8    25   8    87   8   100   8    75   8     0   8
    9    4    80  10   100  10    60  10   100  10   100  10   100  10     0  10
   10    1   100   8    87   8    50   8   100   8   100   8    87   8     0   8
   10    2   100   8   100   8    50   8   100   8   100   8    87   8     0   8
   10    3     0   0     0   0     0   0     0   0     0   0     0   0     0   0
   10    4   100  19    94  19    63  19   100  19   100  19    89  19     0  19
   11    1    95  22    86  22    40  22    95  22   100  22    72  22     0  22
   11    2     0   0     0   0     0   0     0   0     0   0     0   0     0   0
   11    3   100  10    80  10    50  10   100  10   100  10    70  10     0  10
   11    4   100   8   100   8    25   8   100   8   100   8    62   8     0   8
   12    1   100   9    77   9    44   9   100   9   100   9    88   9     0   9
   12    2   100   8   100   8    37   8   100   8   100   8    75   8     0   8
   12    3    87   8   100   8    37   8    75   8   100   8    75   8     0   8
   12    4   100  11    90  11    63  11    90  11   100  11    81  11     0  11
   13    1     0   0     0   0     0   0     0   0     0   0     0   0     0   0
   13    2   100  21    95  21    33  21   100  21    95  21    85  21     0  21
   13    3   100   8   100   8    87   8   100   8   100   8    87   8     0   8
   13    4   100  10    90  10    40  10   100  10   100  10    70  10    10  10
   14    1   100   7    85   7    28   7   100   7   100   7    71   7     0   7
   14    2   100  10    90  10    50  10   100  10    90  10    80  10     0  10
   14    3    91  12   100  12    50  12    91  12    91  12    91  12     0  12
   14    4   100   9    88   9    77   9   100   9   100   9    88   9     0   9
   15    1    95  20    95  20    25  20   100  20   100  20    85  20     0  20
   15    2     0   0     0   0     0   0     0   0     0   0     0   0     0   0
   15    3   100  10   100  10    40  10    80  10    90  10    90  10     0  10
   15    4   100   8   100   8    25   8   100   8    87   8    75   8     0   8
   16    1   100   9    66   9    33   9    88   9   100   9    66   9     0   9
   16    2   100   8    75   8    37   8   100   8    87   8    75   8     0   8
   16    3    87   8    87   8    37   8   100   8   100   8    87   8     0   8
   16    4   100  12    91  12     8  12   100  12   100  12    50  12     0  12
   17    1     0   0     0   0     0   0     0   0     0   0     0   0     0   0
   17    2    95  20    90  20    30  20    90  20   100  20    65  20     0  20
   17    3   100   8   100   8    25   8   100   8   100   8    75   8     0   8
   17    4   100   8    75   8    50   8    87   8   100   8    75   8     0   8
   18    1   100   8   100   8    50   8   100   8   100   8    87   8     0   8
   18    2    90  10   100  10    40  10    90  10    90  10    90  10     0  10
   18    3     0   0     0   0     0   0     0   0     0   0     0   0     0   0
   18    4    95  20   100  20    30  20    90  20   100  20    85  20     0  20
   19    1    87   8    87   8    62   8    87   8    87   8   100   8     0   8
   19    2    92  13   100  13    23  13    92  13   100  13    76  13     0  13
   19    3   100  10    90  10    70  10   100  10   100  10    80  10     0  10
   19    4   100   7   100   7    85   7   100   7   100   7    85   7     0   7
   20    1   100   9   100   9    66   9   100   9   100   9    88   9     0   9
   20    2   100   8    87   8    62   8    87   8    87   8    87   8     0   8
   20    3   100   8    87   8    75   8   100   8   100   8    75   8     0   8
   20    4    91  12   100  12    33  12    83  12   100  12   100  12     0  12
   21    1   100  13    92  13    61  13    92  13    92  13    84  13     0  13
   21    2    87   8   100   8    75   8   100   8    87   8    87   8     0   8
   21    3   100   8    87   8    12   8   100   8   100   8    62   8     0   8
   21    4   100   9   100   9    44   9    77   9   100   9    77   9     0   9
   22    1   100   8   100   8    25   8   100   8   100   8    87   8     0   8
   22    2   100   9   100   9    22   9    88   9   100   9    88   9     0   9
   22    3     0   0     0   0     0   0     0   0     0   0     0   0     0   0
   22    4    85  21    85  21    33  21   100  21   100  21    80  21     0  21
   23    1   100  19   100  19    52  19    94  19    89  19    94  19     5  19
   23    2     0   0     0   0     0   0     0   0     0   0     0   0     0   0
   23    3   100   8    87   8    37   8   100   8    87   8    75   8     0   8
   23    4   100   8   100   8    37   8   100   8   100   8    87   8     0   8
   24    1    90  10    80  10    40  10   100  10    80  10    90  10     0  10
   24    2   100   8    75   8    37   8   100   8    87   8    75   8     0   8
   24    3   100   9   100   9    66   9    88   9   100   9    88   9     0   9
   24    4   100  11    90  11    36  11   100  11    90  11   100  11     0  11
   25    1     0   0     0   0     0   0     0   0     0   0     0   0     0   0
   25    2   100  21    95  21    61  21    95  21    95  21    90  21     0  21
   25    3   100   7    85   7    71   7   100   7    85   7    85   7     0   7
   25    4   100  10    90  10    70  10   100  10   100  10    80  10     0  10
   26    1   100   8   100   8    75   8   100   8   100   8   100   8     0   8
   26    2   100   9   100   9    55   9    88   9    88   9    77   9     0   9
   26    3   100  11   100  11    72  11   100  11    90  11   100  11     0  11
   26    4   100   8   100   8    37   8   100   8   100   8    75   8     0   8
   27    1   100  20    95  20    65  20    95  20    90  20    85  20     0  20
   27    2     0   0     0   0     0   0     0   0     0   0     0   0     0   0
   27    3   100   9    88   9    33   9   100   9   100   9    66   9     0   9
   27    4   100   7   100   7    42   7   100   7   100   7    85   7     0   7
   28    1   100   7    85   7    57   7   100   7    85   7    85   7     0   7
   28    2   100   8    50   8    25   8    75   8    75   8    75   8     0   8
   28    3    95  22    95  22    36  22    90  22    95  22    72  22     0  22
   28    4     0   0     0   0     0   0     0   0     0   0     0   0     0   0
   29    1   100  11    90  11    36  11    90  11    90  11    81  11     0  11
   29    2   100   9    77   9    44   9   100   9   100   9    88   9     0   9
   29    3   100   7    85   7    42   7   100   7    85   7    85   7     0   7
   29    4   100  10    80  10    60  10   100  10   100  10   100  10     0  10
   30    1   100   8   100   8    37   8   100   8   100   8   100   8     0   8
   30    2   100  10    90  10    70  10   100  10   100  10    90  10     0  10
   30    3    91  12    91  12    50  12    91  12   100  12   100  12     0  12
   30    4   100   9    88   9    44   9    77   9   100   9    77   9     0   9
   31    1   100   9   100   9    33   9   100   9   100   9    77   9     0   9
   31    2   100  12    91  12    16  12    91  12   100  12    83  12     0  12
   31    3   100  10   100  10    60  10    80  10   100  10    80  10     0  10
   31    4   100   7   100   7    57   7   100   7   100   7    85   7     0   7
   32    1   100   9    88   9    33   9   100   9   100   9    66   9     0   9
   32    2   100   8    87   8    12   8    87   8   100   8    75   8     0   8
   32    3   100   8    87   8    87   8    87   8   100   8    87   8     0   8
   32    4    90  11    90  11    18  11    90  11    81  11    72  11     0  11
   33    1     0   0     0   0     0   0     0   0     0   0     0   0     0   0
   33    2    94  19   100  19    63  19    94  19    84  19    78  19     0  19
   33    3   100   8    87   8    50   8   100   8   100   8    62   8     0   8
   33    4   100   8   100   8    50   8    87   8   100   8    75   8     0   8
   34    1   100   8   100   8    37   8   100   8   100   8    75   8     0   8
   34    2    90  10   100  10    50  10    70  10    90  10    90  10     0  10
   34    3     0   0     0   0     0   0     0   0     0   0     0   0     0   0
   34    4   100  20    95  20    45  20    95  20   100  20    90  20     0  20
   35    1    88   9   100   9    77   9   100   9    88   9   100   9     0   9
   35    2   100  12    83  12    58  12   100  12   100  12    91  12     0  12
   35    3   100   9   100   9    44   9    88   9    88   9    88   9     0   9
   35    4   100   8   100   8    75   8    87   8    87   8   100   8     0   8
   36    1   100  10    90  10    60  10   100  10   100  10    80  10     0  10
   36    2   100   6   100   6    50   6   100   6   100   6    83   6     0   6
   36    3    88   9   100   9    55   9   100   9   100   9    88   9     0   9
   36    4   100  12    75  12    33  12   100  12   100  12    83  12     0  12
   37    1     0   0     0   0     0   0     0   0     0   0     0   0     0   0
   37    2    95  22    86  22    45  22    90  22    95  22    90  22     0  22
   37    3   100   8    87   8    37   8    87   8   100   8    87   8     0   8
   37    4   100  10   100  10    30  10    80  10   100  10    80  10     0  10
   38    1   100   8   100   8    62   8    87   8   100   8   100   8     0   8
   38    2   100   9   100   9    22   9   100   9   100   9    66   9     0   9
   38    3     0   0     0   0     0   0     0   0     0   0     0   0     0   0
   38    4   100  21    85  21    19  21   100  21    90  21    90  21     0  21
   39    1    95  22    86  22    59  22    90  22   100  22    95  22     0  22
   39    2     0   0     0   0     0   0     0   0     0   0     0   0     0   0
   39    3    90  10   100  10    60  10   100  10   100  10   100  10     0  10
   39    4   100   7   100   7    71   7    85   7   100   7   100   7    14   7
   40    1   100  10   100  10    40  10    90  10   100  10    70  10     0  10
   40    2   100   8   100   8    62   8   100   8    87   8   100   8    12   8
   40    3    90  21    95  21    14  21   100  21   100  21    76  21     0  21
   40    4     0   0     0   0     0   0     0   0     0   0     0   0     0   0
