    1    1     0  12    20  10    33   3    33  12    16  12     9  11     0   0
    1    2     0   8    25   8    50   6     0   8    25   8    25   8     0   0
    1    3     0   8     0   8     0   2    14   7    50   8    20   5   100   2
    1    4     0   8    25   8    40   5    12   8    37   8    50   6     0   0
    2    1     0   7     0   7    20   5     0   7    28   7    33   6     0   0
    2    2     0   9    12   8    40   5    33   9    33   9    37   8     0   0
    2    3     0  12     9  11    50   6    18  11    16  12    63  11     0   0
    2    4     0   9    16   6    33   3    22   9     0   9    14   7     0   0
    3    1     0   9    14   7    25   4     0   9     0   9    33   9     0   0
    3    2     0  12    18  11    37   8    16  12     0  11    25  12     0   0
    3    3     0  10    10  10    50   6    33   9    20  10    33   9     0   0
    3    4     0   8    28   7    80   5    12   8    50   8    20   5     0   0
    4    1     0  10     0  10     0   5    10  10    40  10    55   9     0   0
    4    2     0   8    12   8    16   6    12   8    28   7    87   8     0   0
    4    3     0   8    12   8    66   3    11   9    33   9    28   7     0   0
    4    4     0  12     0  12     0   5     0  10     9  11    36  11     0   0
    5    1     0  12    15  13     0   4    16  12    16  12    36  11     0   0
    5    2     0   8    28   7    33   3    12   8    12   8    16   6     0   0
    5    3     0   7    57   7    40   5     0   7     0   7     0   6     0   0
    5    4     0  10    30  10    33   3    20  10    30  10    22   9     0   0
    6    1     0   8    12   8    40   5     0   8    12   8    25   8   100   1
    6    2     0   7    33   6    50   2    16   6    42   7    25   4     0   0
    6    3     0  13    23  13    33   6     8  12     7  13    23  13     0   0
    6    4     0   7    28   7    40   5    14   7     0   6    42   7     0   0
    7    1     0   9    33   9    14   7    22   9     0   7    12   8     0   0
    7    2     0  12    10  10    25   4    18  11    25  12    40  10     0   0
    7    3     0  10    10  10    33   6    40  10    10  10    66   9     0   0
    7    4     0   8    37   8    50   2    25   8    62   8    57   7     0   0
    8    1     0  10    20  10     0   3    25   8    30  10    37   8     0   0
    8    2     0   8    25   8    33   3     0   8    25   8    28   7     0   0
    8    3     0   8    12   8    66   6    11   9    11   9    50   8     0   0
    8    4     0  13    23  13    25   4     0  13    23  13    44   9     0   0
    9    1     0  12     0   0     0   0     0   0     0   0     0   0     0   0
    9    2     0   8     0   8     0   3    25   8    22   9    44   9     0   0
    9    3     0   8    14   7    50   2    14   7    37   8    50   6     0   0
    9    4     0   8    30  10    50   6    30  10    10  10    44   9     0   0
   10    1     0   8     0   7    25   4    25   8    25   8   100   7     0   0
   10    2     0   8    12   8     0   4     0   8    37   8    71   7     0   0
   10    3     0   0     0   0     0   0     0   0     0   0     0   0     0   0
   10    4     0  19     5  18    58  12    15  19    21  19    52  17     0   0
   11    1     0  21    15  19    55   9    14  21    22  22    21  14     0   0
   11    2     0   0     0   0     0   0     0   0     0   0     0   0     0   0
   11    3     0  10    12   8    40   5    20  10    11   9    50   6     0   0
   11    4     0   8    25   8    50   2    12   8    25   8    40   5     0   0
   12    1     0   9    14   7    25   4    22   9    11   9    37   8     0   0
   12    2     0   8    37   8   100   3     0   8    37   8    33   6     0   0
   12    3     0   7    25   8    33   3    50   6    37   8    33   6     0   0
   12    4     0  11    10  10    28   7    20  10    36  11    55   9     0   0
   13    1     0   0     0   0     0   0     0   0     0   0     0   0     0   0
   13    2     0  21    15  20    28   7    19  21    15  20    41  17     0   0
   13    3     0   8     0   8    28   7     0   8    12   8    14   7     0   0
   13    4     0  10    11   9    50   4    20  10    40  10     0   7     0   0
   14    1     0   7    16   6     0   2    71   7    28   7    40   5     0   0
   14    2     0  10    33   9    40   5    30  10    33   9    25   8     0   0
   14    3     0  10    16  12    83   6    27  11    18  11    27  11     0   0
   14    4     0   9    25   8    14   7    44   9    22   9    25   8     0   0
   15    1     0  19    15  19    40   5    10  20    25  20    47  17     0   0
   15    2     0   0     0   0     0   0     0   0     0   0     0   0     0   0
   15    3     0  10    50  10    50   4    25   8    33   9    12   8     0   0
   15    4     0   8    37   8    50   2    37   8    85   7    33   6     0   0
   16    1     0   9    16   6   100   3    37   8    11   9    50   6     0   0
   16    2     0   8    33   6    66   3    12   8    14   7    66   6     0   0
   16    3     0   7    14   7   100   3    12   8    25   8     0   5     0   0
   16    4     0  12    45  11     0   1    33  12    50  12    50   6     0   0
   17    1     0   0     0   0     0   0     0   0     0   0     0   0     0   0
   17    2     0  19    11  18    66   6     5  18    25  20    33  12     0   0
   17    3     0   8    12   8    50   2    25   8    37   8    16   6     0   0
   17    4     0   8    16   6   100   4    42   7    37   8    16   6     0   0
   18    1     0   8    37   8    25   4     0   8    25   8    42   7     0   0
   18    2     0   9    30  10    50   4    22   9    22   9    22   9     0   0
   18    3     0   0     0   0     0   0     0   0     0   0     0   0     0   0
   18    4     0  19    10  20    16   6    22  18    30  20    40  15     0   0
   19    1     0   7    42   7    60   5    14   7    14   7     0   8     0   0
   19    2     0  12    38  13    66   3    25  12    38  13    30  10     0   0
   19    3     0  10    11   9    57   7    10  10     0  10    25   8     0   0
   19    4     0   7    14   7    66   6    14   7     0   7    33   6     0   0
   20    1     0   9    22   9    33   6    33   9    11   9    12   8     0   0
   20    2     0   8    57   7    40   5    28   7    28   7    42   7     0   0
   20    3     0   8    14   7    33   6    25   8    37   8    66   6     0   0
   20    4     0  11    16  12    50   4     0  10    16  12    66  12     0   0
   21    1     0  13     8  12    50   8    25  12    16  12    63  11     0   0
   21    2     0   7    12   8    33   6    37   8    42   7    42   7     0   0
   21    3     0   8    28   7   100   1    50   8    25   8    20   5     0   0
   21    4     0   9    33   9    50   4     0   7    33   9    66   6     0   0
   22    1     0   8    50   8     0   2    25   8    12   8    14   7     0   0
   22    2     0   9    22   9     0   2    12   8    33   9    57   7     0   0
   22    3     0   0     0   0     0   0     0   0     0   0     0   0     0   0
   22    4     0  18    22  18    14   7    23  21    23  21    58  17     0   0
   23    1     0  19    15  19    30  10     5  18     5  17    33  18   100   1
   23    2     0   0     0   0     0   0     0   0     0   0     0   0     0   0
   23    3     0   8    42   7    66   3    12   8    42   7    75   4     0   0
   23    4     0   8    37   8    66   3    12   8    25   8    42   7     0   0
   24    1     0   9    37   8    75   4    60  10    50   8    71   7     0   0
   24    2     0   8    33   6    66   3    37   8    57   7    50   6     0   0
   24    3     0   9    11   9    33   6    37   8    22   9    28   7     0   0
   24    4     0  11    30  10    25   4    27  11    50  10    60  10     0   0
   25    1     0   0     0   0     0   0     0   0     0   0     0   0     0   0
   25    2     0  20    35  20    61  13    25  20    15  20    55  18     0   0
   25    3     0   7    16   6    60   5    14   7    33   6    33   6     0   0
   25    4     0  10    44   9    42   7    40  10    40  10    62   8     0   0
   26    1     0   8    25   8    83   6    12   8    12   8     0   8     0   0
   26    2     0   9    22   9    40   5    37   8    37   8    42   7     0   0
   26    3     0  11    18  11    25   8     0  11     0  10    27  11     0   0
   26    4     0   8    62   8    33   3    25   8     0   8     0   6     0   0
   27    1     0  20    21  19    46  13    15  19    22  18    41  17     0   0
   27    2     0   0     0   0     0   0     0   0     0   0     0   0     0   0
   27    3     0   9    12   8    66   3    55   9    22   9    16   6     0   0
   27    4     0   7    42   7    33   3    28   7    14   7    33   6     0   0
   28    1     0   7    16   6    50   4    14   7    16   6    60   5     0   0
   28    2     0   8    25   4    50   2    16   6     0   6    16   6     0   0
   28    3     0  20     9  21    50   8    25  20    25  20    25  16     0   0
   28    4     0   0     0   0     0   0     0   0     0   0     0   0     0   0
   29    1     0  10    20  10    50   4    20  10    20  10    55   9     0   0
   29    2     0   9    42   7    50   4    11   9    22   9    50   8     0   0
   29    3     0   7    16   6    33   3    28   7    33   6    66   6     0   0
   29    4     0   9    37   8    66   6    20  10    20  10    30  10     0   0
   30    1     0   8    25   8    66   3    12   8    12   8    25   8     0   0
   30    2     0  10    22   9    57   7    20  10    10  10    11   9     0   0
   30    3     0  11    18  11    33   6    18  11     8  12    41  12     0   0
   30    4     0   9    25   8    50   4    28   7    33   9    42   7     0   0
   31    1     0   9    22   9     0   3    44   9    22   9    16   6     0   0
   31    2     0  12    36  11    50   2     9  11    25  12    77   9     0   0
   31    3     0  10    40  10    33   6    50   8    40  10    37   8     0   0
   31    4     0   7    42   7    25   4    28   7    28   7    16   6     0   0
   32    1     0   9    37   8    33   3    11   9    33   9    33   6     0   0
   32    2     0   8    28   7     0   1    28   7    50   8    20   5     0   0
   32    3     0   8    42   7    42   7    14   7     0   8    28   7     0   0
   32    4     0   9    20  10    50   2    20  10    33   9    50   8     0   0
   33    1     0   0     0   0     0   0     0   0     0   0     0   0     0   0
   33    2     0  18    36  19    41  12    22  18    33  15    28  14     0   0
   33    3     0   8     0   7    75   4    12   8    37   8    40   5     0   0
   33    4     0   8    37   8    25   4     0   7    50   8    33   6     0   0
   34    1     0   8    12   8    33   3    37   8    37   8    16   6     0   0
   34    2     0   9    50  10    20   5    14   7    11   9    33   9     0   0
   34    3     0   0     0   0     0   0     0   0     0   0     0   0     0   0
   34    4     0  20    15  19    62   8    21  19    20  20    58  17     0   0
   35    1     0   8    11   9    42   7     0   9    12   8    22   9     0   0
   35    2     0  12    10  10    28   7    25  12     8  12    36  11     0   0
   35    3     0   9    22   9    50   4    12   8    37   8    62   8     0   0
   35    4     0   8    37   8    83   6    14   7    14   7    50   8     0   0
   36    1     0  10    11   9    33   6    30  10    30  10    37   8     0   0
   36    2     0   6    33   6    66   3    33   6    16   6    20   5     0   0
   36    3     0   8    22   9    20   5     0   9    11   9    37   8     0   0
   36    4     0  12    22   9    75   4    16  12    16  12    60  10     0   0
   37    1     0   0     0   0     0   0     0   0     0   0     0   0     0   0
   37    2     0  21    15  19    20  10    20  20    28  21    45  20     0   0
   37    3     0   8    28   7     0   3    42   7    12   8    50   6     0   0
   37    4     0  10    30  10    33   3    37   8    20  10    12   8     0   0
   38    1     0   8    12   8    40   5    14   7    12   8    25   8     0   0
   38    2     0   9    33   9   100   2    44   9    22   9    33   6     0   0
   38    3     0   0     0   0     0   0     0   0     0   0     0   0     0   0
   38    4     0  21    38  18    75   4     0  21    26  19    50  18     0   0
   39    1     0  20    15  19    46  13    20  20    22  22    47  21     0   0
   39    2     0   0     0   0     0   0     0   0     0   0     0   0     0   0
   39    3     0   9    50  10    50   6    40  10    20  10    70  10     0   0
   39    4     0   7    14   7    60   5    16   6    28   7    71   7   100   1
   40    1     0  10    20  10    75   4    22   9    40  10    14   7     0   0
   40    2     0   8     0   8    80   5     0   8    14   7    12   8   100   1
   40    3     0  19    20  20    33   3    14  21    38  21    31  16     0   0
   40    4     0   0     0   0     0   0     0   0     0   0     0   0     0   0
