    1    1   307  10   321   9   196   1   299  10   206  12   228  12     0   0
    1    2   381   2   285   6     0   0   205   6   238   7   286  10     0   0
    1    3   362   9   254   8     0   0   295   8   295   8   247  10     0   0
    1    4   319  10   195   8     0   0   192   8   193   5   219  10   282   2
    2    1   389  10   263   9     0   0   219   9   256  10   242  11   158   1
    2    2   354   7   226   8   265   2   212  11   230   6   196  10     0   0
    2    3   434   8   277  11   320   1   197   9   256   8   216  13     0   0
    2    4   301   7   204   5     0   0   243   8   235   5   273   9     0   0
    3    1   372   6   277  10   189   5   233   8   216   8   242  10     0   0
    3    2   291  10   265   8   138   2   202   9   250  11   199  13     0   0
    3    3   291   6   209   8   265   1   234   8   247   8   256  10     0   0
    3    4   262   9   214   7   204   1   262   9   303   9   250  12     0   0
    4    1   323   6   305  11   267   1   225  10   252  11   256  12     0   0
    4    2   329  10   294  12     0   0   302  11   218  11   223  10     0   0
    4    3   299   6   205   8   335   1   197   8   233   7   213   9     0   0
    4    4   362   6   306   9   148   1   230  11   244  10   264  13     0   0
    5    1   311   8   290  11     0   0   272   9   246  11   213  13     0   0
    5    2   370   4   238   8   716   1   209   4   295   6   204   8     0   0
    5    3   414   7   251  10   259   2   279  11   254  12   275  12     0   0
    5    4   372   8   244   9   290   1   245   9   228   8   205  12     0   0
    6    1   437  11   269  12   190   3   240   9   286  10   242  11     0   0
    6    2   442   6   273   9   243   1   264   6   249   8   196   9     0   0
    6    3   464   8   253  13   413   1   229  12   224  10   248  13     0   0
    6    4   386   4   294   7   155   1   256   5   244   6   253   8     0   0
    7    1   396   5   256   9   239   2   206   7   285   7   317  10     0   0
    7    2   289   7   262   7   212   2   233   8   219  10   196  12     0   0
    7    3   263   6   237  11   328   1   218  10   215   9   245  11     0   0
    7    4   295   8   256  10   246   2   302  10   209   8   321  10     0   0
    8    1   278   5   212  10     0   0   222   8   189   9   203  11     0   0
    8    2   341   6   229   7   243   1   205   7   182   7   217   6   485   1
    8    3   357   7   196   9     0   0   241   9   234   8   276   8     0   0
    8    4   331   9   210  10   179   1   299   9   227   9   260  11     0   0
    9    1   277   6   191   6     0   0   229   8   296   5   219   9     0   0
    9    2   329   8   268   5     0   0   218   3   322   8   182  10     0   0
    9    3   363   7   202   7     0   0   332   8   258   8   218  10     0   0
    9    4   355   4   344   8     0   0   252  10   208  10   216  12     0   0
   10    1   338  10   230  11     0   0   232  11   252  12   217  12     0   0
   10    2   339   9   237   8   160   1   201  10   223  12   181  12     0   0
   10    3     0   0     0   0     0   0     0   0     0   0     0   0     0   0
   10    4   291  13   308  12     0   0   260  13   206  15   203  19     0   0
   11    1   328  16   241  18   240   1   239  15   272  14   208  24     0   0
   11    2     0   0     0   0     0   0     0   0     0   0     0   0     0   0
   11    3   336   8   195  11   186   1   216   7   206   9   226  11     0   0
   11    4   388   7   246   8     0   0   234   8   216   9   224  11     0   0
   12    1   430   7   238   8     0   0   219   9   230   9   234  11   146   1
   12    2   333   9   218   8   280   1   261  10   239  10   245  12   319   1
   12    3   340   4   317   5   299   2   202   6   286   4   247   7     0   0
   12    4   403   6   235   6   184   1   211  11   236   9   226  12     0   0
   13    1     0   0     0   0     0   0     0   0     0   0     0   0     0   0
   13    2   330  12   259  18   175   1   266  16   211  17   213  21     0   0
   13    3   322   8   225   9   238   1   248  10   246  10   280  11     0   0
   13    4   342   7   193   8     0   0   230   7   191   6   194  12   271   1
   14    1   272   5   241  11   250   5   232   9   289   9   266  11     0   0
   14    2   316   6   246   8   278   3   197   6   174   8   214  10     0   0
   14    3   360   6   241   8   323   1   243   8   230   7   250  10     0   0
   14    4   338   3   213   7   241   2   215   5   259   5   232   7     0   0
   15    1   289  15   233  18     0   0   233  12   239  15   259  19     0   0
   15    2     0   0     0   0     0   0     0   0     0   0     0   0     0   0
   15    3   392   8   319   9     0   0   233   9   218   9   212  12     0   0
   15    4   374   6   185   6     0   0   172   7   269   6   219   9     0   0
   16    1   304   7   239   8     0   0   190   8   262   8   288  10     0   0
   16    2   321   8   255   8   252   2   230   9   234   8   195   9   561   1
   16    3   350   4   228   8     0   0   185   6   233   6   227   9     0   0
   16    4   370   6   222  10     0   0   219  11   254   9   187  12     0   0
   17    1     0   0     0   0     0   0     0   0     0   0     0   0     0   0
   17    2   289  11   188  15     0   0   228  16   231  18   235  17     0   0
   17    3   349   7   279  12   264   1   304   7   259  10   213  12     0   0
   17    4   451   7   239  11     0   0   202   7   206  11   209  11     0   0
   18    1   314   6   229   6     0   0   204   8   242  10   232  10     0   0
   18    2   278   7   288   9   214   2   277  10   205  11   224  10     0   0
   18    3     0   0     0   0     0   0     0   0     0   0     0   0     0   0
   18    4   413  13   258  17     0   0   232  15   220  17   212  21     0   0
   19    1   282   7   270   5     0   0   236   9   215   5   185   9     0   0
   19    2   292   5   244   9   171   1   210   8   246  10   201  14     0   0
   19    3   376   8   266   9   276   2   208  10   189  11   193  11     0   0
   19    4   323   7   365   7     0   0   220  10   267   9   233  11     0   0
   20    1   250   4   202   5   205   2   282   8   235   6   198  10     0   0
   20    2   310   9   212   5   170   1   249   9   261   8   197  10     0   0
   20    3   306   3   234   5   195   2   247   5   227   5   195   8     0   0
   20    4   338   7   229   8     0   0   218   8   224   7   185  13     0   0
   21    1   295   7   280  12     0   0   245   9   191  10   262  13     0   0
   21    2   372   5   180   5   225   3   172   4   180   5   201   7     0   0
   21    3   391   8   229  10     0   0   226   7   198  11   230  12     0   0
   21    4   343   5   265   7   214   1   209   8   227   9   229   9     0   0
   22    1   382   7   221  11   229   1   208  10   221  12   248  12     0   0
   22    2   370   7   240  12     0   0   228   9   243  12   260  11     0   0
   22    3     0   0     0   0     0   0     0   0     0   0     0   0     0   0
   22    4   322  11   233  15     0   0   210  16   276  16   246  23     0   0
   23    1   316  12   266  16     0   0   215  11   217  10   235  22     0   0
   23    2     0   0     0   0     0   0     0   0     0   0     0   0     0   0
   23    3   376   8   226   9     0   0   212  10   221   9   214   9     0   0
   23    4   404  10   233   8   179   1   216   8   201   9   224  10     0   0
   24    1   289   6   234  10   255   1   235   6   239   9   255  12     0   0
   24    2   381   7   284   7   309   2   257   8   259   9   198  11   227   1
   24    3   279   2   188   7   270   1   249   8   256   5   227   7     0   0
   24    4   344   3   217   8     0   0   234   9   273   9   221   9     0   0
   25    1     0   0     0   0     0   0     0   0     0   0     0   0     0   0
   25    2   311  10   291  13   220   3   236  16   227  14   251  22     0   0
   25    3   388   8   230   8   252   4   311   7   261   9   304  10     0   0
   25    4   300   7   252  10   192   3   278  11   233   9   246  10     0   0
   26    1   325  10   271  12   240   2   269  11   253  11   250  12     0   0
   26    2   442   7   224   9   340   3   214   8   224   6   174  10     0   0
   26    3   335   8   304  10     0   0   245  13   301   9   245  11     0   0
   26    4   536   4   285   7   205   1   260   7   221   4   250   8     0   0
   27    1   350  11   239  13   250   6   202  16   270  14   307  16     0   0
   27    2     0   0     0   0     0   0     0   0     0   0     0   0     0   0
   27    3   452   3   248   7   278   1   230   8   270  10   271  10     0   0
   27    4   302   4   223   5   258   2   260   8   223   8   225   9     0   0
   28    1   411   6   218   6   255   3   257   8   247   8   244  10     0   0
   28    2   304   5   284   8   180   2   286   8   267   9   199  10     0   0
   28    3   340  11   235  18     0   0   214  15   258  16   223  19     0   0
   28    4     0   0     0   0     0   0     0   0     0   0     0   0     0   0
   29    1   313   7   285  10     0   0   262   8   268   9   238  12     0   0
   29    2   329   4   266   7   444   1   290   6   248   5   243   7     0   0
   29    3   373   6   242   6     0   0   259  10   258   9   241  10     0   0
   29    4   292   5   249   8   181   3   200  10   212   8   254  12     0   0
   30    1   385  11   265   8   191   1   303  12   296  11   255  11     0   0
   30    2   328   9   267   9     0   0   225   8   222  10   235  12     0   0
   30    3   318   6   216   9   395   1   245   9   292   8   236  10     0   0
   30    4   551   5   228   8   235   1   203   6   212   6   233   9     0   0
   31    1   349   6   249   9     0   0   188   9   228  10   315   9     0   0
   31    2   328   6   306  10     0   0   256  10   214  11   244  11     0   0
   31    3   469   4   254  11     0   0   197  11   211  10   229  11     0   0
   31    4   314   8   266  11     0   0   258  12   246   8   271  11     0   0
   32    1   368   4   234   8     0   0   198   8   261   7   243   8     0   0
   32    2   354   3   300  12     0   0   281   8   227  11   217  12     0   0
   32    3   323   6   257   6     0   0   160   3   182   9   279  10     0   0
   32    4   276   4   308   7     0   0   317   7   230   8   181  12   288   1
   33    1     0   0     0   0     0   0     0   0     0   0     0   0     0   0
   33    2   311  10   300  13   199   3   218  12   253  14   220  20     0   0
   33    3   420   7   246   5   201   2   231   8   217   8   252  10     0   0
   33    4   250   9   210   6   141   1   246   7   261   8   195   9     0   0
   34    1   285   5   255   7   168   1   226   9   213  11   231  12     0   0
   34    2   398   6   270   9     0   0   276   7   241  12   195  12     0   0
   34    3     0   0     0   0     0   0     0   0     0   0     0   0     0   0
   34    4   367  10   206  14     0   0   255  17   235  18   261  22     0   0
   35    1   423   5   212   9   237   2   209   6   267   6   250   8     0   0
   35    2   394   8   281  10   236   2   239   6   197   7   190  12     0   0
   35    3   437   9   235  10   339   2   239  10   209   9   201  11     0   0
   35    4   380  10   207  10   297   1   224  11   249   8   255  11     0   0
   36    1   332   7   228   8     0   0   226  10   218   7   192  11     0   0
   36    2   492   7   235   7     0   0   181  10   257   6   231   9     0   0
   36    3   329   5   249   8   207   1   201   9   251   9   243  10     0   0
   36    4   399   8   193   6     0   0   247   8   206   8   234  12     0   0
   37    1     0   0     0   0     0   0     0   0     0   0     0   0     0   0
   37    2   366   8   293  18     0   0   217  13   285  16   232  21     0   0
   37    3   550   5   230  10   169   1   292   8   289  10   264  11     0   0
   37    4   345   6   272  11   166   1   283   9   235  11   212  11     0   0
   38    1   474   7   246   8     0   0   245  10   289  10   207  12     0   0
   38    2   321   6   245   9   215   1   253   9   216  10   185  10     0   0
   38    3     0   0     0   0     0   0     0   0     0   0     0   0     0   0
   38    4   317  13   252  16     0   0   235  16   280  13   225  21   214   1
   39    1   326  14   268  14   141   1   236  17   249  18   222  19     0   0
   39    2     0   0     0   0     0   0     0   0     0   0     0   0     0   0
   39    3   390   7   196   9   134   1   215   8   230   7   195   8     0   0
   39    4   526   6   269   8   208   1   241   8   273  10   251  10     0   0
   40    1   382   6   329   9     0   0   216   9   214  10   199  11     0   0
   40    2   269   6   233  10     0   0   202  10   216  10   217  11     0   0
   40    3   348  12   227  15   195   1   224  16   222  16   216  23   188   1
   40    4     0   0     0   0     0   0     0   0     0   0     0   0     0   0
