    1    1   839   8   692  11   285   3   471  12   544  12   904  12     0   0
    1    2   845   3   944   6   245   5   668   7   487   8  1182   8     0   0
    1    3   936   6  1117   5   187   5   692   7   573   8  1126   8   294   2
    1    4   890   9   641   8   233   7   603   9   444   9  1039   9   282   2
    2    1  1288   6   727   6   226   6   883   6   696   7  1532   4     0   0
    2    2   910   6   779   7   252   8   723   9   627   9   994   7     0   0
    2    3  1313   6   691  11   192   5   624  12   618  11  1181   9     0   0
    2    4   795   7   438   7   187   4   509   8   529   9   967   8     0   0
    3    1  1275   6   718   9   331   8   604   9   580   9  1305   9     0   0
    3    2  1070  10   593  10   214   8   539  12   502  12  1072  11     0   0
    3    3  1054   5   687  10   251   6   507  10   494  10  1170  10     0   0
    3    4  1173   6   980   7   233   8   848   7   562   8  1203   6     0   0
    4    1   824   7  1048  10   226   5   736  10   642  10  1249  10     0   0
    4    2  1191   8  1092   8   183   7   729   8   718   7   948   6     0   0
    4    3   775   8   852   8   306   5   671   8   517   8  1231   8     0   0
    4    4   844   4   868  10   174   4   573  11   582  11   966  12     0   0
    5    1   804   8   778   9   198   4   561  12   466  12  1101  12     0   0
    5    2   869   6   636   7   373   5   341   7   596   8   794   6     0   0
    5    3  1264   6  1030   8   311   6   841   8   839   8  1281   7     0   0
    5    4  1170   7   601   7   260   6   568   9   455   9   930   9     0   0
    6    1  1473   7  1141   8   300   5   718   8   740   6  1259   7   294   1
    6    2  1237   4  1093   7   489   3   519   7   601   8  1272   7     0   0
    6    3   912   8   809  12   288   6   651  13   497  12  1347  12     0   0
    6    4  1607   4   821   7   347   2   652   6   692   7  1402   7     0   0
    7    1  1029   5   778   9   268   7   539   9   776   7   952   6     0   0
    7    2   836   6   625   7   251   5   428  11   669  11  1016   9     0   0
    7    3   818   8   859   9   256   5   584   9   621   8  1409   6     0   0
    7    4  1471   5  1128   8   329   6   809   8   794   8  1019   7     0   0
    8    1   727   7   576   9   236   6   469   9   525   9  1639   5     0   0
    8    2  1482   6   619   6   290   5   520   6   689   6   996   4   485   1
    8    3  1461   5   787   9   278   7   641   9   640   9   907   7     0   0
    8    4   947   8   573  10   203   6   577   9   537  10  1201   8     0   0
    9    1  1048   7   426   8   279   3   556   9   352   9  1061   9     0   0
    9    2   948   7   631   6   211   5   341   8   672   9  1016   9     0   0
    9    3   970   2   838   7   157   4   677   7   487   8  1070   6     0   0
    9    4  1240   3   673   8   226   6   504  10   544  10  1100   7     0   0
   10    1  1205   7   655   8   328   5   637   8   747   8  1288   7     0   0
   10    2   939   7   461   8   234   4   575  10   593  10   893   7     0   0
   10    3     0   0     0   0     0   0     0   0     0   0     0   0     0   0
   10    4   807  11   634  15   238  12   466  17   496  17  1096  18     0   0
   11    1  1057  17   594  21   213  13   476  20   433  22   815  22     0   0
   11    2     0   0     0   0     0   0     0   0     0   0     0   0     0   0
   11    3   968   8   697  10   175   5   349   9   506  10  1005   8     0   0
   11    4   978   5   592   8   205   4   434   8   602   8   831   6     0   0
   12    1   943   7   714   6   230   7   493   9   513   9  1204   8   146   1
   12    2  1063   6   592   7   270   7   853   8   741   8  1376   7     0   0
   12    3   939   4   717   5   273   6   608   7   504   7  1137   7     0   0
   12    4  1125   6   498  10   255   9   424  11   467  10  1026  10     0   0
   13    1     0   0     0   0     0   0     0   0     0   0     0   0     0   0
   13    2   865  15   511  20   226  15   563  18   403  19   965  19     0   0
   13    3   962   5   724   6   218   7   896   7   653   7  1192   5     0   0
   13    4   660   7   609   6   174   5   620   9   319  10  1356   9   271   1
   14    1  1217   5   887   7   326   6   876   7   675   7  1129   4     0   0
   14    2   998   4   829   7   340   6   415   9   479   9  1044   6     0   0
   14    3  1086   4  1063   8   214   5   641   9   481  10  1225  10     0   0
   14    4   762   4   752   7   323   5   450   7   631   7  1005   6     0   0
   15    1   976  16   649  18   196   9   411  19   621  19   959  20     0   0
   15    2     0   0     0   0     0   0     0   0     0   0     0   0     0   0
   15    3   879   8   968   8   149   4   497  10   416   9  1084  10     0   0
   15    4  1055   5   694   6   217   4   554   7   629   7   791   5     0   0
   16    1  1259   5   633   6   291   4   631   7   505   8   960   8     0   0
   16    2  1257   6   841   5   298   5   593   7   484   8  1049   6   561   1
   16    3   778   6   771   8   289   2   567   8   572   8   781   8     0   0
   16    4  1061   6   775  11   178   3   651  10   435  11   792  11     0   0
   17    1     0   0     0   0     0   0     0   0     0   0     0   0     0   0
   17    2   993  12   701  17   168   5   655  18   689  19   900  17     0   0
   17    3  1020   7   753   8   240   5   843   7   835   8  1178   6     0   0
   17    4   778   7   630  10   190   2   649   8   740   9  1151   9     0   0
   18    1   920   5   765   7   214   4   681   7   712   7  1077   5     0   0
   18    2   716   6   639   8   333   4   589   9   654   8   972  10     0   0
   18    3     0   0     0   0     0   0     0   0     0   0     0   0     0   0
   18    4   807  11   726  18   192   5   560  19   553  20  1233  19     0   0
   19    1   829   8   506   8   208   9   554   9   403   9  1005   8     0   0
   19    2   751   5   646  11   281   8   468  11   585  13  1240  13     0   0
   19    3  1152   7   751   9   240   9   750  10   547  10   903  10     0   0
   19    4  1211   5   721   7   280   6   675   7   519   7  1070   6     0   0
   20    1   426   5   465   7   190   7   562   9   438   8   905   8     0   0
   20    2  1078   6   515   5   265   7   821   8   702   8  1192   7     0   0
   20    3   895   3   834   4   330   5   455   7   492   7  1011   6     0   0
   20    4  1051   6   668   9   191   5   379  10   411  12   829  11     0   0
   21    1   916   7   725  13   198   8   563  12   496  13  1076  13     0   0
   21    2   866   6   506   6   325   7   509   7   676   7   949   7     0   0
   21    3  1289   7   957   8   215   5   606   8   509   8  1251   6     0   0
   21    4   940   5   713   6   284   6   523   8   645   9  1019   9     0   0
   22    1   838   3   977   8   401   2   566   8   687   7  1258   3     0   0
   22    2   800   6  1189  10   188   3   595  10   737  10  1133   8     0   0
   22    3     0   0     0   0     0   0     0   0     0   0     0   0     0   0
   22    4   718  11  1155  16   153   5   513  18   527  21  1278  18     0   0
   23    1   788  13   694  18   207   9   424  20   420  19  1521  17   236   1
   23    2     0   0     0   0     0   0     0   0     0   0     0   0     0   0
   23    3   783   7   893   8   203   4   574   8   476   8   824   7     0   0
   23    4  1110   7   814   6   219   5   667   7   573   7  1230   4     0   0
   24    1   742   5   744   9   215   5   412  10   514   9  1149   8     0   0
   24    2  1028   4   474   7   292   6   566   7   808   6  1628   6     0   0
   24    3   878   3   532   8   266   7   523   9   499   9   978   7     0   0
   24    4   813   5   524   7   163   6   551   9   524   8  1324   9     0   0
   25    1     0   0     0   0     0   0     0   0     0   0     0   0     0   0
   25    2   987   8   654  14   262  14   581  20   553  19  1094  18     0   0
   25    3  1245   5   806   7   322   6   874   7   801   7  1337   6     0   0
   25    4   765   7   660  10   243   8   778   9   657  10  1038   9     0   0
   26    1  1370   6   844   8   266   8   856   8   584   8  1162   6     0   0
   26    2   905   6   599   8   254   7   560   7   475   8   962   8     0   0
   26    3   964   7   856  11   180   9   599  12   433  12   795  11     0   0
   26    4   934   4   756   8   217   6   432   7   460   8   693   7     0   0
   27    1  1023   9   684  13   301  13   663  16   694  16  1381  12     0   0
   27    2     0   0     0   0     0   0     0   0     0   0     0   0     0   0
   27    3   919   3   669   6   248   5   456   7   769   8  1187   6     0   0
   27    4  1067   3   558   6   310   4   684   6   617   6   930   6     0   0
   28    1  1044   6   808   5   284   6   704   8   635   7   956   8     0   0
   28    2   588   5   563   6   306   6   922   5   766   6   699   5     0   0
   28    3   842  12   770  17   210   8   540  19   661  21   899  19     0   0
   28    4     0   0     0   0     0   0     0   0     0   0     0   0     0   0
   29    1   958   7   843  10   220   5   573  11   748  10  1178   8     0   0
   29    2  1075   5   674   8   342   7   538   8   512   8   840   8     0   0
   29    3  1012   4   793   5   204   6   807   8   629   8  1204   7     0   0
   29    4   825   6   817   8   260   8   475  10   555  10  1204   9     0   0
   30    1  1292   8   820   7   212   4   721   8   826   8  1235   8     0   0
   30    2   953   8   709   8   207   8   581  10   556  10  1128   8     0   0
   30    3   936   6   692   8   315   4   501  10   596   9   950   8     0   0
   30    4   944   5   695   8   202   5   430   8   482   9  1177   8     0   0
   31    1   705   7   747   9   173   3   726   9   669   9   773   6     0   0
   31    2   726   7   829  11   156   2   535  12   538  12   712  12     0   0
   31    3   939   5   794   9   282   5   674   9   586   9   740   8     0   0
   31    4   912   6  1024   8   229   4   875   8   715   8   822   7     0   0
   32    1   912   4   995   7   228   2   571   8   587   8  1033   7     0   0
   32    2   425   2  1113   8   212   3   564   8   559   8   959   7     0   0
   32    3   645   7   450   7   169   7   384   9   519   9  1159   8     0   0
   32    4   777   4   610   7   133   5   579   9   572  11   910  10     0   0
   33    1     0   0     0   0     0   0     0   0     0   0     0   0     0   0
   33    2   874  10   621  15   306  13   415  18   465  19   978  16     0   0
   33    3  1289   4   766   5   300   6   641   7   568   7  1376   5     0   0
   33    4  1088   8   707   5   252   5   570   8   637   8   967   8     0   0
   34    1   794   6   584   6   260   7   860   8   619   8  1210   7     0   0
   34    2   969   5   646   8   176   6   540  10   605  10  1175   9     0   0
   34    3     0   0     0   0     0   0     0   0     0   0     0   0     0   0
   34    4   810  13   539  17   190  15   554  20   588  19  1095  18     0   0
   35    1  1281   5   763   8   391   6   498   8   489   8   978   8     0   0
   35    2  1114   7   748  11   252   8   401  10   388  11   895  10     0   0
   35    3  1250   6   849   8   258   4   566   9   453   9   946   9     0   0
   35    4  1162   6   736   8   239   6   656   7   533   8  1201   8     0   0
   36    1   989   7   645   9   193   8   605  10   445  10   946   9     0   0
   36    2  1191   6   592   7   204   5   663   7   573   7  1005   5     0   0
   36    3  1013   5   656   8   321   5   606   8   562   9   920   8     0   0
   36    4   854   9   569   7   168   7   505  12   504  11  1126  12     0   0
   37    1     0   0     0   0     0   0     0   0     0   0     0   0     0   0
   37    2   895  11   741  18   193   7   427  20   502  20  1036  18     0   0
   37    3  1331   4   995   6   377   3   817   7   843   6   919   5     0   0
   37    4  1033   7   922   9   199   4   665  10   673  10   957   9     0   0
   38    1   914   5   785   7   213   6   741   8   759   8  1416   5     0   0
   38    2  1029   5   891   9   314   3   609   9   510   9   889   9     0   0
   38    3     0   0     0   0     0   0     0   0     0   0     0   0     0   0
   38    4   903  14   701  16   236  14   576  20   484  20   740  17     0   0
   39    1   992  13   876  16   184  12   801  19   615  20  1096  19     0   0
   39    2     0   0     0   0     0   0     0   0     0   0     0   0     0   0
   39    3  1107   6   809   8   218   5   573   8   488   8  1026   7     0   0
   39    4  1065   4   872   6   340   5   868   6   925   7  1559   5   165   1
   40    1  1120   6  1072   9   193   5   719   9   657   9  1158   9     0   0
   40    2  1175   5   745   7   217   5   695   8   554   7  1334   7   242   1
   40    3  1063  12   785  17   217  10   587  20   548  21  1010  18     0   0
   40    4     0   0     0   0     0   0     0   0     0   0     0   0     0   0
