    1    1  1040   9   790  11   285   3   806  11   544  12  1436  13     0   0
    1    2   845   3   944   6   409   5   857   7   675   8  1382   9     0   0
    1    3   936   6  1117   5  1096   5  1145   7   573   8  1126   8  1782   2
    1    4   890   9   641   8   787   7   669   9   797   9  1402   9   282   2
    2    1  1460   7   727   6   365   6   883   6   861   7  2843   7     0   0
    2    2  1068   7   918   7   645   8   723   9   627   9  2258   9     0   0
    2    3  1634   8   817  11   354   5   934  12   716  11  3481  11     0   0
    2    4   795   7   562   7   361   4  1073   9   588   9  1710   9     0   0
    3    1  1275   6   718   9   470   8   745   9   798   9  1456   9     0   0
    3    2  1070  10   876  10   426   9   629  12   502  12  1452  12     0   0
    3    3  1054   5   850  10   396   6  1033  10   615  10  1470  10     0   0
    3    4  1409   6  1326   7   662   8   888   7   857   8  1602   7     0   0
    4    1   824   7  1159  10   250   5   822  10   744  10  2670  10     0   0
    4    2  1191   8  1218   8   338   7   729   8  1024   7  2967   8     0   0
    4    3   775   8   852   8   413   5   716   8   517   8  1597   8     0   0
    4    4   844   4  1093  10   174   4   695  11   582  11  2142  13     0   0
    5    1  1009   9  1145  11   597   4   766  12   633  12  1574  12     0   0
    5    2  1057   6   636   7   440   5   404   7   630   7  1271   7     0   0
    5    3  1439   7  1030   8   363   6   914   8   839   8  1281   7     0   0
    5    4  1170   7  1141   8   309   6   751   9   649   9  1168  10     0   0
    6    1  1542   8  1235   8   505   5   718   8   740   6  2074   8   473   1
    6    2  1237   4  1093   7   643   3   560   7   601   8  1461   8     0   0
    6    3  1141   9   998  12   288   6   667  13   588  12  1610  13     0   0
    6    4  1607   4  1135   7   492   2   935   6   833   7  1603   7     0   0
    7    1  1341   6   778   9   268   7   874   9   776   7  1703   9     0   0
    7    2  1007   7   732   7   291   5   733  11   719  11  1670  11     0   0
    7    3   818   8  1169   9   338   5   756   9   823   9  1964   8     0   0
    7    4  1598   6  1128   8   506   6   940   8  1022   8  2485   8     0   0
    8    1   964   7   855   9   343   6   498   9   632   9  3106   8     0   0
    8    2  1482   6   619   6   521   5   520   6   723   6  1872   5   485   1
    8    3  1606   6   787   9   447   7   659   9   640   9  1554   9     0   0
    8    4  1203  10   752  10   311   6   577   9   537  10  2563   9     0   0
    9    1  1048   7   450   8   279   3   582   9   467   9  2009   9     0   0
    9    2   948   7   631   6   420   5   945   8   767   9  1304   9     0   0
    9    3  1677   4   838   7  1239   4   789   7   487   8  2971   7     0   0
    9    4  1240   3   735   8   572   6   697  10   544  10  2275  10     0   0
   10    1  1205   7   791   8   328   5   679   8   777   8  3101   7     0   0
   10    2   939   7   461   8   378   4   575  10   593  10  3556  10     0   0
   10    3     0   0     0   0     0   0     0   0     0   0     0   0     0   0
   10    4  1029  13   724  15   597  12   652  17   807  18  2213  18     0   0
   11    1  1057  17   738  21   346  12   580  20   462  22  1045  22     0   0
   11    2     0   0     0   0     0   0     0   0     0   0     0   0     0   0
   11    3   968   8   766  10   175   5   930   9   506  10  1099   8     0   0
   11    4   978   5  1021   8   842   5   983   8   602   8  1265   7     0   0
   12    1   943   7   714   6   497   7   611   9   513   9  1731   9   146   1
   12    2  1305   7   633   7  1031   7   915   8   741   8  2448   8     0   0
   12    3   939   4   717   5   339   6   711   7   826   7  1214   7     0   0
   12    4  1269   7   562  10   385   9   489  11   488  10  2379  11     0   0
   13    1     0   0     0   0     0   0     0   0     0   0     0   0     0   0
   13    2   872  15   626  20   430  15   779  19   535  19  1724  20     0   0
   13    3   962   5   724   6   356   7   934   7   678   7  2741   5     0   0
   13    4   660   7   669   6   524   5  1009   9   748  10  1387   9   271   1
   14    1  1217   5   887   7   481   6  1016   7   675   7  3330   6     0   0
   14    2  1277   5   955   7   476   6   876   9   479   9  1577   8     0   0
   14    3  1466   5  1063   8   409   5   795   9   510  10  1691  10     0   0
   14    4   762   4   752   7   360   5   730   7   631   7  1214   7     0   0
   15    1  1075  17   711  18   367   9   576  19   661  19  2153  20     0   0
   15    2     0   0     0   0     0   0     0   0     0   0     0   0     0   0
   15    3   879   8  1177   9   317   4   764  10   631   9  1147  10     0   0
   15    4  1055   5   915   5   703   4   898   7   912   7  2147   6     0   0
   16    1  1259   5  1284   7   373   4   631   7   505   8  1519   8     0   0
   16    2  1257   6  1117   6   439   5   847   8   484   8  1555   7   561   1
   16    3   778   6  1089   8   289   2   976   8   572   8   781   8     0   0
   16    4  1061   6   942  11   178   3   693  10   435  11  1371  11     0   0
   17    1     0   0     0   0     0   0     0   0     0   0     0   0     0   0
   17    2  1039  12   839  17   337   5   732  18   761  19  1337  17     0   0
   17    3  1050   7   863   8   319   5  1048   7   999   8  2132   7     0   0
   17    4   778   7   812  10   591   2  1254   8   787   9  1484   9     0   0
   18    1   967   5  1102   7   283   4   960   7   712   7  1681   7     0   0
   18    2   716   6  1028   9   452   4   883   9   834   9  1397  10     0   0
   18    3     0   0     0   0     0   0     0   0     0   0     0   0     0   0
   18    4  1047  13   746  18   259   5   884  19   583  20  1930  20     0   0
   19    1   829   8   646   8   367   9   554   9   544   9  1147   9     0   0
   19    2   961   6   702  11   725   8   867  11   797  13  1390  13     0   0
   19    3  1291   8   855   9   502   9   932  10   547  10  1014  10     0   0
   19    4  1211   5   893   7   594   6  1099   7   590   7  1735   7     0   0
   20    1   426   5   596   7   599   7   768   9   438   8  1653   9     0   0
   20    2  1228   7   515   5   788   7   832   8   702   8  2186   8     0   0
   20    3  1185   4   834   4   837   5   713   7   661   7  1758   7     0   0
   20    4  1051   6  1344   9   457   5   667  10   491  12  2258  12     0   0
   21    1   916   7   925  13   420   8   716  12   536  13  2685  13     0   0
   21    2   866   6   616   6   430   7   838   7   876   7  1151   7     0   0
   21    3  1289   7  1024   8   657   5  1338   8   509   8  1633   7     0   0
   21    4  1120   6   713   6   376   6   937   8   645   9  1618   9     0   0
   22    1  1207   4  1170   8   563   2  1021   8   869   8  1814   6     0   0
   22    2   990   7  1189  10   188   3   701  10   737  10  2490  10     0   0
   22    3     0   0     0   0     0   0     0   0     0   0     0   0     0   0
   22    4  1220  14  1155  16   196   5   856  19   695  20  2942  21     0   0
   23    1   904  14   796  18   299   9   533  20   420  19  1778  20   421   1
   23    2     0   0     0   0     0   0     0   0     0   0     0   0     0   0
   23    3   783   7  1045   8   527   4   632   8   542   8  1605   7     0   0
   23    4  1110   7  1188   7   475   5   667   7   621   7  1918   7     0   0
   24    1   953   6   898   9   630   5   833  10   754   9  1759  10     0   0
   24    2  1309   4   797   6   492   6   963   7  1069   7  1923   6     0   0
   24    3   878   3   684   8   425   7   894   9   522   9  1660   9     0   0
   24    4   921   5   787   7   407   6   621   9   718   9  2810   9     0   0
   25    1     0   0     0   0     0   0     0   0     0   0     0   0     0   0
   25    2  1448  10   747  14   519  14   750  20   721  19  2070  20     0   0
   25    3  1458   6   806   7   407   6  1267   7   820   7  1718   7     0   0
   25    4   931   8   899  10   374   8  1293   9   897  10  2306   9     0   0
   26    1  1370   6   844   8   490   8   934   8   584   8  1414   8     0   0
   26    2   905   6   599   8   469   7   758   7   524   8  1212   8     0   0
   26    3  1100   8  1032  11   685   9   710  12   469  12  1228  12     0   0
   26    4  1632   5   864   8   501   6   509   7   528   8  1044   7     0   0
   27    1  1207  10  1107  13   777  13  1023  16   875  16  1770  14     0   0
   27    2     0   0     0   0     0   0     0   0     0   0     0   0     0   0
   27    3   919   3  1044   6   308   5  1093   8   769   8  1187   6     0   0
   27    4  1067   3   558   6   636   5   937   6  1076   6   968   6     0   0
   28    1  1044   6   808   5   734   6   859   8   635   7  1288   8     0   0
   28    2   588   5   721   6   416   6  1057   5   846   6   757   4     0   0
   28    3  1021  13   925  18   402   8   913  19   743  21  1428  20     0   0
   28    4     0   0     0   0     0   0     0   0     0   0     0   0     0   0
   29    1  1092   8   990  10   464   5   756  11   748  10  1636  11     0   0
   29    2  1075   5   690   8   484   7   783   8   569   8  1627   8     0   0
   29    3  1283   5   793   5   771   6  1247   8   629   8  3133   8     0   0
   29    4   825   6   817   8   428   8   602  10   555  10  1538  10     0   0
   30    1  1292   8   820   7   489   4   721   8   826   8  1613   8     0   0
   30    2   953   8   709   8   361   8   649  10   623  10  1897  10     0   0
   30    3  1344   7  1106   8   465   4   719  10   621   9  1950  10     0   0
   30    4  1297   6   764   8   716   5   635   8   482   9  1712   9     0   0
   31    1   705   7   747   9   496   3   996   9   688   9  1711   8     0   0
   31    2   726   7  1252  12   156   2   857  12   587  12  1764  12     0   0
   31    3   939   5  1038   9   374   5   962   9   860   9  1135   9     0   0
   31    4   912   6  1099   8   778   4  1135   8   951   8  1378   8     0   0
   32    1   912   4   995   7   388   2   713   8   765   8  1526   8     0   0
   32    2   965   3  1113   8   212   3   812   8   559   8  1552   8     0   0
   32    3   645   7   581   7   822   7   634   9   519   9  1349   9     0   0
   32    4   777   4   761   7   279   5   837   9   700  11  1924  10     0   0
   33    1     0   0     0   0     0   0     0   0     0   0     0   0     0   0
   33    2  1142  12   655  15   614  13   778  18   663  19  1431  18     0   0
   33    3  1604   5   766   5   968   6   881   7   568   7  2979   6     0   0
   33    4  1088   8   707   5   406   5   798   8   749   8  1241   8     0   0
   34    1   794   6   584   6   566   7  1180   8   619   8  1380   8     0   0
   34    2   969   5   671   8   387   6   692  10   664  10  1470  10     0   0
   34    3     0   0     0   0     0   0     0   0     0   0     0   0     0   0
   34    4   810  13   690  17   322  15   813  20   684  20  2259  21     0   0
   35    1  1452   6   763   8   467   6   641   8   527   8  1336   8     0   0
   35    2  1263   8   823  11   426   8   630  10   388  11  1333  11     0   0
   35    3  1362   7   956   8   523   4   729   9   453   9  1409   9     0   0
   35    4  1404   7  1206   8   387   6   656   7   663   8  1479   8     0   0
   36    1   989   7   645   9   387   8   796  10   513  10  1647  10     0   0
   36    2  1191   6   756   7   668   5   663   7   573   7  1624   7     0   0
   36    3  1013   5   656   8   924   5   646   8   562   9  1190   8     0   0
   36    4   854   9   569   7   676   7   783  12   539  11  1336  12     0   0
   37    1     0   0     0   0     0   0     0   0     0   0     0   0     0   0
   37    2   895  11   858  18   285   7   490  20   719  20  1674  18     0   0
   37    3  1331   4  1090   6   845   3  1298   7   843   6  1878   7     0   0
   37    4  1033   7  1076  10   399   4   804  10   884  10  1073  10     0   0
   38    1   993   5  1087   7   347   6  1070   8   783   8  1770   8     0   0
   38    2  1029   5  1037   9   404   3   756   9   510   9  1333   9     0   0
   38    3     0   0     0   0     0   0     0   0     0   0     0   0     0   0
   38    4   903  14   782  16   578  14   656  20   502  20  1327  19     0   0
   39    1  1238  15  1043  16   375  12  1093  19   876  21  1779  21     0   0
   39    2     0   0     0   0     0   0     0   0     0   0     0   0     0   0
   39    3  1107   6   809   8   427   5  1032   8   568   8  1961   7     0   0
   39    4  1336   5  1170   7   470   5  1080   6  1080   7  3031   6   488   1
   40    1  1120   6  1247   9   242   5   958   9   745   9  1255   9     0   0
   40    2  1464   6  1128   7   847   5   803   8   620   7  1464   8   730   1
   40    3  1160  13   785  17   677  10   830  20   642  21  1305  21     0   0
   40    4     0   0     0   0     0   0     0   0     0   0     0   0     0   0
