    1    1    87   8    75   8    37   8   100   8    87   8   100   8     0   8
    1    2    90  10    90  10    50  10    90  10   100  10   100  10     0  10
    1    3    66   9   100   9    22   9   100   9   100   9   100   9     0   9
    1    4    80  10    90  10     0  10    90  10   100  10   100  10     0  10
    2    1   100   9    88   9    66   9   100   9   100   9   100   9     0   9
    2    2    88   9    77   9    88   9   100   9   100   9   100   9     0   9
    2    3   100   9    77   9    88   9   100   9   100   9   100   9     0   9
    2    4   100  10    90  10    80  10   100  10   100  10   100  10     0  10
    3    1    87   8   100   8    87   8   100   8   100   8   100   8    12   8
    3    2    60   5   100   5    60   5    80   5   100   5   100   5     0   5
    3    3    71   7   100   7   100   7   100   7   100   7   100   7     0   7
    3    4    60   5    80   5    60   5   100   5   100   5   100   5     0   5
    4    1    77   9   100   9   100   9   100   9   100   9   100   9     0   9
    4    2   100  10    90  10    70  10    90  10   100  10   100  10     0  10
    4    3    88   9    88   9    77   9   100   9   100   9   100   9     0   9
    4    4    50   8   100   8    37   8   100   8   100   8   100   8     0   8
    5    1    80  10    90  10    80  10   100  10   100  10   100  10     0  10
    5    2    80  10   100  10    90  10   100  10   100  10   100  10     0  10
    5    3   100  10    80  10    70  10   100  10   100  10   100  10     0  10
    5    4    90  10    70  10    70  10   100  10   100  10   100  10     0  10
    6    1    70  10   100  10    80  10   100  10   100  10   100  10    10  10
    6    2    77   9    77   9    55   9    88   9   100   9   100   9     0   9
    6    3    77   9   100   9    77   9   100   9   100   9   100   9     0   9
    6    4    80  10   100  10    90  10    90  10   100  10   100  10    10  10
    7    1    42   7   100   7    42   7   100   7   100   7   100   7     0   7
    7    2    77   9   100   9    55   9   100   9   100   9   100   9     0   9
    7    3    57   7    85   7    42   7   100   7   100   7   100   7     0   7
    7    4    36  11   100  11    54  11   100  11   100  11   100  11     0  11
    8    1   100   9   100   9    66   9   100   9    88   9   100   9     0   9
    8    2    85   7    28   7    85   7   100   7   100   7   100   7     0   7
    8    3    90  10    80  10    90  10   100  10   100  10   100  10     0  10
    8    4   100   8    62   8    37   8    87   8   100   8   100   8     0   8
    9    1   100   8   100   8    50   8   100   8   100   8   100   8     0   8
    9    2   100   8   100   8    87   8   100   8   100   8   100   8     0   8
    9    3   100   9    88   9    44   9   100   9   100   9   100   9     0   9
    9    4   100   7    85   7    57   7   100   7   100   7   100   7     0   7
   10    1    25   4   100   4    75   4   100   4   100   4   100   4     0   4
   10    2    37   8   100   8    50   8   100   8   100   8   100   8     0   8
   10    3    60   5   100   5    60   5   100   5   100   5   100   5     0   5
   10    4    37   8    87   8    75   8    87   8   100   8   100   8     0   8
   11    1    90  10   100  10    30  10    90  10   100  10   100  10     0  10
   11    2    90  10    80  10    40  10    90  10   100  10   100  10     0  10
   11    3   100   7    85   7    28   7    85   7   100   7   100   7     0   7
   11    4   100  13    92  13    84  13   100  13   100  13   100  13     0  13
   12    1    80  10   100  10    90  10   100  10   100  10   100  10     0  10
   12    2    70  10    90  10    80  10   100  10   100  10   100  10     0  10
   12    3    88   9    88   9   100   9   100   9   100   9   100   9     0   9
   12    4    90  10   100  10   100  10   100  10   100  10   100  10     0  10
   13    1    80  10    90  10    60  10    90  10    90  10   100  10     0  10
   13    2    75   8   100   8    12   8   100   8   100   8    87   8     0   8
   13    3    60  10    90  10    20  10    90  10   100  10    90  10     0  10
   13    4    66   9   100   9    22   9    88   9   100   9   100   9     0   9
   14    1    55   9   100   9    22   9    88   9    88   9    88   9     0   9
   14    2    62   8   100   8    37   8   100   8   100   8   100   8     0   8
   14    3    80   5   100   5    40   5   100   5   100   5    80   5     0   5
   14    4    40  10   100  10    40  10    90  10   100  10   100  10     0  10
   15    1   100  10    90  10    70  10   100  10   100  10   100  10     0  10
   15    2    90  10   100  10    70  10   100  10   100  10   100  10     0  10
   15    3   100   8    87   8   100   8   100   8   100   8   100   8     0   8
   15    4    66   9    77   9    55   9    88   9   100   9   100   9     0   9
   16    1    80  10   100  10    90  10   100  10   100  10   100  10     0  10
   16    2    55   9   100   9    88   9   100   9   100   9   100   9     0   9
   16    3    85   7    85   7   100   7   100   7   100   7   100   7     0   7
   16    4    90  11   100  11    81  11   100  11   100  11   100  11     0  11
   17    1    71   7    42   7    42   7    57   7    71   7   100   7     0   7
   17    2    50  10    60  10    50  10    80  10    80  10   100  10     0  10
   17    3    42   7    71   7    28   7    85   7    85   7   100   7     0   7
   17    4    50  12    66  12    25  12    66  12    83  12   100  12     0  12
   18    1   100  10    90  10    90  10   100  10   100  10   100  10     0  10
   18    2    90  10    90  10    60  10   100  10   100  10   100  10     0  10
   18    3    88   9   100   9    55   9   100   9   100   9   100   9     0   9
   18    4    90  10   100  10    80  10   100  10   100  10   100  10     0  10
   19    1   100  10   100  10    90  10   100  10   100  10   100  10    10  10
   19    2    90  10    80  10    40  10    90  10    90  10   100  10    20  10
   19    3    40  10    80  10    60  10   100  10    90  10   100  10     0  10
   19    4    70  10   100  10    70  10    90  10   100  10   100  10     0  10
   20    1   100  10    90  10    80  10    90  10   100  10   100  10     0  10
   20    2   100  10    90  10    70  10    90  10   100  10   100  10    10  10
   20    3    90  10    80  10    80  10    90  10   100  10   100  10     0  10
   20    4    80  10   100  10    80  10   100  10    90  10   100  10     0  10
   21    1    77   9    77   9    66   9   100   9    88   9   100   9     0   9
   21    2    62   8   100   8    75   8   100   8    87   8   100   8     0   8
   21    3    44   9   100   9    77   9   100   9   100   9   100   9     0   9
   21    4    60  10    70  10    40  10    90  10    90  10   100  10     0  10
   22    1    80  10   100  10    70  10    90  10   100  10   100  10     0  10
   22    2    90  10   100  10    70  10   100  10   100  10   100  10     0  10
   22    3    85   7   100   7    57   7   100   7    85   7   100   7     0   7
   22    4    84  13    76  13    61  13    84  13    92  13   100  13     0  13
   23    1    70  10    90  10    50  10   100  10   100  10   100  10     0  10
   23    2    80  10    90  10    70  10    90  10    90  10    90  10     0  10
   23    3   100   9    88   9    66   9   100   9   100   9   100   9    11   9
   23    4    90  10   100  10    70  10   100  10   100  10   100  10    10  10
   24    1    80  10   100  10    50  10   100  10   100  10   100  10     0  10
   24    2    75   8    87   8    37   8   100   8   100   8   100   8     0   8
   24    3    57   7   100   7    28   7   100   7    85   7   100   7     0   7
   24    4    84  13   100  13    38  13   100  13   100  13   100  13     0  13
   25    1    80  10    90  10    70  10   100  10    90  10   100  10     0  10
   25    2    90  10   100  10    60  10   100  10   100  10   100  10     0  10
   25    3    77   9   100   9    66   9   100   9   100   9    88   9     0   9
   25    4    88   9    77   9    66   9    88   9   100   9   100   9     0   9
   26    1    75   8   100   8    75   8   100   8   100   8   100   8     0   8
   26    2    50   8   100   8    75   8   100   8   100   8   100   8     0   8
   26    3    70  10   100  10    50  10   100  10   100  10   100  10     0  10
   26    4    90  10   100  10    70  10   100  10   100  10   100  10    10  10
   27    1    90  10    80  10    70  10   100  10   100  10   100  10     0  10
   27    2    70  10   100  10    80  10   100  10   100  10   100  10     0  10
   27    3    90  10    80  10    80  10   100  10   100  10   100  10     0  10
   27    4    80  10    90  10    40  10    90  10   100  10   100  10     0  10
   28    1    40  10   100  10    50  10   100  10   100  10    90  10     0  10
   28    2    20  10   100  10    30  10    90  10    90  10   100  10     0  10
   28    3     0   7   100   7    14   7    85   7   100   7   100   7     0   7
   28    4    18  11    90  11     9  11    90  11    90  11   100  11     0  11
   29    1   100   9   100   9    44   9   100   9   100   9   100   9     0   9
   29    2    80  10   100  10    70  10   100  10   100  10   100  10     0  10
   29    3    83   6   100   6    66   6   100   6   100   6   100   6     0   6
   29    4    69  13    84  13    76  13   100  13   100  13   100  13     0  13
   30    1    90  10    80  10    30  10   100  10   100  10   100  10     0  10
   30    2    80  10    70  10    60  10   100  10   100  10   100  10     0  10
   30    3   100  10    70  10    60  10   100  10    90  10   100  10     0  10
   30    4    70  10    90  10    60  10   100  10   100  10   100  10     0  10
   31    1    90  10   100  10    80  10   100  10   100  10   100  10     0  10
   31    2    77   9    88   9    77   9   100   9   100   9   100   9     0   9
   31    3    88   9    88   9    66   9   100   9   100   9   100   9    11   9
   31    4   100   9   100   9    88   9   100   9   100   9   100   9     0   9
   32    1    88   9   100   9    22   9   100   9   100   9   100   9     0   9
   32    2    77   9    88   9    55   9   100   9   100   9   100   9     0   9
   32    3   100   5   100   5    20   5    80   5   100   5   100   5     0   5
   32    4    90  11    90  11    45  11   100  11   100  11   100  11     0  11
   33    1    12   8   100   8    50   8   100   8   100   8   100   8     0   8
   33    2    33   9   100   9    66   9   100   9   100   9   100   9     0   9
   33    3    44   9   100   9    22   9   100   9   100   9   100   9     0   9
   33    4    40  10   100  10    50  10    90  10   100  10   100  10     0  10
   34    1    77   9    77   9    22   9   100   9   100   9   100   9     0   9
   34    2    85   7    85   7    42   7   100   7   100   7   100   7     0   7
   34    3   100   3   100   3    66   3   100   3   100   3   100   3     0   3
   34    4    90  10    70  10    80  10   100  10   100  10   100  10     0  10
   35    1    80  10    90  10    50  10   100  10   100  10   100  10     0  10
   35    2   100  10    90  10    40  10    90  10   100  10   100  10     0  10
   35    3    80  10   100  10    30  10   100  10   100  10   100  10     0  10
   35    4    77   9    88   9    55   9    88   9    88   9   100   9    11   9
   36    1    66   9    77   9    11   9    88   9   100   9   100   9     0   9
   36    2    70  10   100  10    30  10    90  10   100  10   100  10     0  10
   36    3    80  10   100  10    20  10   100  10   100  10   100  10     0  10
   36    4    80  10    70  10    30  10   100  10   100  10    90  10     0  10
   37    1    90  10   100  10    70  10   100  10    90  10   100  10     0  10
   37    2    80  10    90  10    80  10   100  10    90  10   100  10     0  10
   37    3    90  10   100  10    70  10   100  10   100  10   100  10     0  10
   37    4    77   9   100   9    66   9    88   9   100   9   100   9     0   9
   38    1    80  10   100  10    70  10   100  10   100  10   100  10     0  10
   38    2    80  10    90  10    60  10   100  10   100  10   100  10     0  10
   38    3    90  10   100  10    80  10    90  10   100  10   100  10     0  10
   38    4    90  10    90  10    30  10   100  10   100  10   100  10     0  10
   39    1    60  10    90  10    50  10   100  10   100  10   100  10     0  10
   39    2    40  10    80  10    60  10   100  10   100  10    90  10     0  10
   39    3    20  10   100  10    60  10   100  10   100  10   100  10     0  10
   39    4    44   9   100   9    66   9   100   9   100   9   100   9     0   9
   40    1    70  10   100  10    40  10    90  10    90  10   100  10     0  10
   40    2    70  10    80  10    40  10   100  10   100  10   100  10     0  10
   40    3    85   7    85   7    28   7   100   7   100   7   100   7     0   7
   40    4    46  13   100  13    38  13   100  13    92  13   100  13     0  13
