    1    1     0   9     8  12     0   3    50  12     0  12    15  13     0   0
    1    2     0   5     0   6    20   5    44   9    22   9    11   9     0   0
    1    3     0   7     0   5    80   5    25   8     0   8     0   8   100   2
    1    4     0   9     0   8    42   7    11   9    22   9    22   9     0   0
    2    1     0   7     0   6    33   6     0   6    14   7    42   7     0   0
    2    2     0   8    14   7    50   8     0   9     0   9    44   9     0   0
    2    3     0   9    27  11    40   5     8  12    18  11    66  12     0   0
    2    4     0   7    28   7    25   4    33   9    11   9    22   9     0   0
    3    1     0   7     0   9    25   8    22   9    11   9    33   9     0   0
    3    2     0  10    27  11    37   8    25  12     0  12    33  12     0   0
    3    3     0   5    20  10    66   6    50  10    10  10    20  10     0   0
    3    4     0   6    14   7    62   8    14   7    12   8    12   8     0   0
    4    1     0   8    10  10    20   5    30  10    10  10    50  10     0   0
    4    2     0   8    12   8    28   7     0   8    14   7    87   8     0   0
    4    3     0   8     0   8    20   5    25   8     0   8    37   8     0   0
    4    4     0   7     7  13     0   4    45  11     0  11    30  13     0   0
    5    1     0   9    18  11    50   4    50  12     8  12    41  12     0   0
    5    2     0   7     0   8    20   5    12   8     0   8    14   7     0   0
    5    3     0   7     0   8    16   6    25   8     0   8     0   8     0   0
    5    4     0   7    11   9    33   6    22   9    11   9     0  10     0   0
    6    1     0   8    12   8    60   5     0   8     0   7    37   8   100   1
    6    2     0   6     0   7    66   3    14   7     0   8     0   8     0   0
    6    3     0  11     7  13     0   6     7  13     7  13    15  13     0   0
    6    4     0   4    42   7    50   2    66   6    14   7    28   7     0   0
    7    1     0   6     0   9     0   7    44   9     0   7    11   9     0   0
    7    2     0   8    12   8    20   5    45  11     9  11    36  11     0   0
    7    3     0   9    22   9    20   5    22   9    11   9    44   9     0   0
    7    4     0   7     0   8    33   6    12   8    25   8    50   8     0   0
    8    1     0   8    22   9    33   6    11   9    11   9    33   9     0   0
    8    2     0   6     0   6    40   5     0   6    16   6    33   6     0   0
    8    3     0   7     0   9    57   7    11   9     0   9    55   9     0   0
    8    4     0  10    20  10    33   6     0   9     0  10    40  10     0   0
    9    1     0   7    11   9     0   3    11   9    11   9    66   9     0   0
    9    2     0   7    14   7    40   5    22   9    11   9    44   9     0   0
    9    3     0   7     0   7   100   4    14   7     0   8    37   8     0   0
    9    4     0   5    20  10    66   6    40  10     0  10    30  10     0   0
   10    1     0   7     0   8     0   5    12   8    12   8    75   8     0   0
   10    2     0   7    10  10    50   4     0  10     0  10    60  10     0   0
   10    3     0   0     0   0     0   0     0   0     0   0     0   0     0   0
   10    4     0  14    12  16    66  12    17  17     5  18    50  18     0   0
   11    1     0  18     9  21    46  13    25  20     4  22    23  21     0   0
   11    2     0   0     0   0     0   0     0   0     0   0     0   0     0   0
   11    3     0   8    10  10     0   5    66   9     0  10    11   9     0   0
   11    4     0   6    25   8    75   4    25   8     0   8    25   8     0   0
   12    1     0   8     0   7    28   7    11   9     0   9    22   9     0   0
   12    2     0   7    14   7    85   7    12   8     0   8    25   8     0   0
   12    3     0   5     0   5    16   6    28   7    28   7    14   7     0   0
   12    4     0   9    10  10    44   9     9  11    10  10    54  11     0   0
   13    1     0   0     0   0     0   0     0   0     0   0     0   0     0   0
   13    2     0  16    10  20    40  15    15  19    26  19    35  20     0   0
   13    3     0   7     0   6    42   7    14   7    14   7    14   7     0   0
   13    4     0   7    42   7    60   5    33   9    20  10    10  10     0   0
   14    1     0   7     0   7    16   6    14   7     0   7    28   7     0   0
   14    2     0   5    25   8    16   6    33   9     0   9    11   9     0   0
   14    3     0   7     0   9    60   5    33   9    10  10    30  10     0   0
   14    4     0   4     0   7    20   5    28   7     0   7     0   7     0   0
   15    1     0  17     5  19    44   9    21  19    10  19    55  20     0   0
   15    2     0   0     0   0     0   0     0   0     0   0     0   0     0   0
   15    3     0   8    11   9    50   4    30  10    44   9    10  10     0   0
   15    4     0   5    33   6    75   4    28   7    42   7    42   7     0   0
   16    1     0   5     0   7    50   4     0   7     0   8    25   8     0   0
   16    2     0   7     0   6    40   5    12   8     0   8    12   8     0   0
   16    3     0   6    25   8     0   2    37   8     0   8     0   7     0   0
   16    4     0   6     9  11     0   3     9  11     0  11    45  11     0   0
   17    1     0   0     0   0     0   0     0   0     0   0     0   0     0   0
   17    2     0  14    11  18    60   5    16  18    10  19    41  17     0   0
   17    3     0   8    12   8    40   5    25   8    12   8    12   8     0   0
   17    4     0   7    10  10   100   2    62   8    11   9    30  10     0   0
   18    1     0   6    28   7    25   4    14   7     0   7    14   7     0   0
   18    2     0   6    30  10    50   4    44   9    11   9    30  10     0   0
   18    3     0   0     0   0     0   0     0   0     0   0     0   0     0   0
   18    4     0  14    10  19    20   5    42  19     5  20    25  20     0   0
   19    1     0   9    12   8    44   9     0   9    11   9     0   9     0   0
   19    2     0   9    16  12    37   8    36  11    15  13    23  13     0   0
   19    3     0   9    11   9    44   9    20  10     0  10     0  10     0   0
   19    4     0   7     0   7    66   6    28   7    14   7    37   8     0   0
   20    1     0   8    12   8    71   7    55   9     0   8    22   9     0   0
   20    2     0   8     0   5    71   7    12   8     0   8    37   8     0   0
   20    3     0   5     0   5    60   5    28   7    14   7    42   7     0   0
   20    4     0   6    40  10    40   5    10  10     8  12    75  12     0   0
   21    1     0   8     0  13    50   8    33  12     7  13    53  13     0   0
   21    2     0   6    14   7    28   7    57   7    14   7    28   7     0   0
   21    3     0   7    12   8    60   5    50   8     0   8    12   8     0   0
   21    4     0   6     0   6    16   6    50   8     0   9    55   9     0   0
   22    1     0   6    25   8    50   2    37   8     0   8    12   8     0   0
   22    2     0   8     0  10     0   3    20  10     0  10    40  10     0   0
   22    3     0   0     0   0     0   0     0   0     0   0     0   0     0   0
   22    4     0  15     0  18    20   5    26  19    19  21    47  21     0   0
   23    1     0  15     5  19    30  10    10  20     0  19    30  20   100   1
   23    2     0   0     0   0     0   0     0   0     0   0     0   0     0   0
   23    3     0   8    12   8    50   4    12   8    12   8    37   8     0   0
   23    4     0   7     0   7    60   5     0   7    14   7    14   7     0   0
   24    1     0   7    22   9    80   5    60  10    40  10    30  10     0   0
   24    2     0   5    28   7    66   6    14   7    14   7    28   7     0   0
   24    3     0   4    22   9    57   7    55   9    11   9    22   9     0   0
   24    4     0   5    37   8    33   6    33   9     0   9    44   9     0   0
   25    1     0   0     0   0     0   0     0   0     0   0     0   0     0   0
   25    2     0  12    18  16    57  14    40  20    10  19    50  20     0   0
   25    3     0   6     0   7    33   6    42   7    14   7    28   7     0   0
   25    4     0   9    20  10    12   8    50  10    20  10    44   9     0   0
   26    1     0   7     0   8    62   8    25   8     0   8     0   8     0   0
   26    2     0   7     0   8    28   7    28   7    12   8    25   8     0   0
   26    3     0   8     8  12    33   9    16  12    16  12    33  12     0   0
   26    4     0   5    12   8    33   6    25   8    12   8    12   8     0   0
   27    1     0  10    14  14    30  13    37  16    18  16    33  15     0   0
   27    2     0   0     0   0     0   0     0   0     0   0     0   0     0   0
   27    3     0   3    14   7    40   5    75   8     0   8     0   8     0   0
   27    4     0   5     0   6    75   4    16   6    33   6    16   6     0   0
   28    1     0   6     0   5    83   6    12   8     0   7    37   8     0   0
   28    2     0   6    14   7    50   6    20   5    16   6    14   7     0   0
   28    3     0  15     4  21    25   8    26  19     9  21    20  20     0   0
   28    4     0   0     0   0     0   0     0   0     0   0     0   0     0   0
   29    1     0   8    18  11    40   5    27  11     0  10    36  11     0   0
   29    2     0   5    12   8    57   7    50   8    12   8    50   8     0   0
   29    3     0   7     0   5    50   6    37   8     0   8    37   8     0   0
   29    4     0   9     0   9    37   8    20  10     0  10    20  10     0   0
   30    1     0   8     0   7    50   4     0   8     0   8    37   8     0   0
   30    2     0   9     0   8    37   8    10  10    10  10    30  10     0   0
   30    3     0   7    25   8    25   4    30  10    11   9    30  10     0   0
   30    4     0   6    12   8    60   5    50   8     0   9    33   9     0   0
   31    1     0   7     0   9    33   3    44   9    11   9    22   9     0   0
   31    2     0   7    25  12     0   2    41  12    16  12    66  12     0   0
   31    3     0   6    11   9    20   5    44   9    22   9    22   9     0   0
   31    4     0   7    25   8    50   4    37   8    25   8    37   8     0   0
   32    1     0   4     0   8    50   2    37   8    25   8    25   8     0   0
   32    2     0   5     0   8     0   3    37   8     0   8    25   8     0   0
   32    3     0   7    28   7   100   7    22   9     0   9    11   9     0   0
   32    4     0   6    12   8    40   5    44   9     9  11    54  11     0   0
   33    1     0   0     0   0     0   0     0   0     0   0     0   0     0   0
   33    2     0  14     6  15    61  13    50  18    21  19    22  18     0   0
   33    3     0   6     0   5    83   6    14   7     0   7    42   7     0   0
   33    4     0   8     0   5    20   5    37   8    25   8    12   8     0   0
   34    1     0   7     0   6    57   7    25   8     0   8     0   8     0   0
   34    2     0   6    12   8    66   6    30  10    10  10    30  10     0   0
   34    3     0   0     0   0     0   0     0   0     0   0     0   0     0   0
   34    4     0  13    16  18    31  16    28  21     5  20    47  21     0   0
   35    1     0   6     0   8    33   6    37   8    12   8    25   8     0   0
   35    2     0   9     9  11    37   8    30  10     0  11    36  11     0   0
   35    3     0   7     0   9    25   4    22   9     0   9    33   9     0   0
   35    4     0   8    25   8    83   6     0   7    12   8    37   8     0   0
   36    1     0   8     0   9    50   8    30  10    10  10    30  10     0   0
   36    2     0   7    14   7    80   5     0   7     0   7    14   7     0   0
   36    3     0   5     0   8    40   5    22   9     0   9    22   9     0   0
   36    4     0  10     0   8    71   7    16  12    18  11    41  12     0   0
   37    1     0   0     0   0     0   0     0   0     0   0     0   0     0   0
   37    2     0  12    10  19    25   8    25  20    15  20    42  21     0   0
   37    3     0   4    16   6    33   3    42   7     0   6    14   7     0   0
   37    4     0   7    10  10    25   4    30  10    10  10     0  10     0   0
   38    1     0   8    14   7    16   6    25   8    12   8    12   8     0   0
   38    2     0   8    22   9    33   3    22   9     0   9    33   9     0   0
   38    3     0   0     0   0     0   0     0   0     0   0     0   0     0   0
   38    4     0  14    11  18    71  14    20  20     5  20    31  19     0   0
   39    1     0  15    22  18    25  12    31  19    28  21    47  21     0   0
   39    2     0   0     0   0     0   0     0   0     0   0     0   0     0   0
   39    3     0   6     0   8    40   5    25   8    12   8    25   8     0   0
   39    4     0   7    14   7    40   5    14   7    14   7    42   7   100   1
   40    1     0   7    22   9    20   5    11   9    11   9    11   9     0   0
   40    2     0   6    28   7   100   5    12   8    12   8     0   8   100   1
   40    3     0  15     0  19    50  10    30  20     9  21    14  21     0   0
   40    4     0   0     0   0     0   0     0   0     0   0     0   0     0   0
