    1    1   948   7   728   9   195   3   574  10   580  10  1127  11     0   0
    1    2   668   4   853   7   226   6   703   8   567   9  1374  10     0   0
    1    3   977   8  1278   7   349   7   753   9   572  10  1232  10   294   2
    1    4   883  10   630   9   326   8   603   9   576  10  1208  10   282   2
    2    1  1335  10   729   8   213   8   754   9   730  10  2237  10     0   0
    2    2  1181   6   804   7   295   8   722   9   640   9  1706   9     0   0
    2    3  1403   5   807   9   314   3   614  10   694   9  2426   9     0   0
    2    4   795   7   476   8   187   4   891  10   529   9  1760  10     0   0
    3    1  1275   6   752  10   322   9   724  10   732  10  1415  10     0   0
    3    2  1217   9   664   9   241   8   510  11   510  11  1250  11     0   0
    3    3   896   6   608  10   215   5   601  10   511   9  1367  10     0   0
    3    4  1151   8   948   9   279  10   708  10   673  11  1304  10     0   0
    4    1   824   7  1091  10   226   5   782  10   711  10  1635  10     0   0
    4    2  1107  11  1101  11   212   7   740  11   993  10  1693  10     0   0
    4    3   718   9   852   8   353   5   618   9   490   9  1304   9     0   0
    4    4   844   4   943   9   174   4   590   9   555   9  1451  11     0   0
    5    1   772   8   868  10   307   4   793  10   524  10  1454  10     0   0
    5    2  1017   6   620   8   373   5   398   8   735   9  1238   8     0   0
    5    3  1345   8   906  10   356   8   779  11   849  11  1260  10     0   0
    5    4  1170   7   764   8   277   5   610  10   492   9  1025  10     0   0
    6    1  1337  11  1057  11   293   7   685  11   659   9  1913  11   294   1
    6    2  1408   4   917   7   520   3   490   6   562   8  1364   8     0   0
    6    3  1017   9   997  10   174   3   709  11   490  10  1544  11     0   0
    6    4  1343   5   927   8   434   2   620   7   723   8  1392   8     0   0
    7    1  1341   6   778   9   268   7   585   9   765   8  1830  10     0   0
    7    2   717   6   729   6   241   4   492  10   715  10  1597  10     0   0
    7    3   741   9  1050  10   300   5   605  10   781  10  1671   9     0   0
    7    4  1315   9  1114  10   400   8   894  10   806  10  1843  11     0   0
    8    1  1056   8   695  10   236   6   472  10   574  10  2306   9     0   0
    8    2  1482   6   674   7   299   6   497   7   676   7  1869   6   485   1
    8    3  1606   6   787   9   278   7   641   9   640   9  1335   9     0   0
    8    4  1066   9   719  10   203   6   581   9   512  10  1945   9     0   0
    9    1  1048   7   413   9   360   4   553  10   410  10  1455  10     0   0
    9    2  1035   8   631   6   211   5   644   9   688  10  1051  10     0   0
    9    3  1483   6   774   9   233   4   726  10   461  11  1700  10     0   0
    9    4  1240   3   617   8   286   5   621  10   554  10  1712  10     0   0
   10    1  1097  10   663  11   314   7   646  11   780  11  1630  10     0   0
   10    2   947   8   481   9   234   4   526  10   623  10  1778  10     0   0
   10    3     0   0     0   0     0   0     0   0     0   0     0   0     0   0
   10    4   810  12   608  14   336  12   584  17   684  17  1669  18     0   0
   11    1  1025  16   603  18   204  11   489  19   421  21   895  21     0   0
   11    2     0   0     0   0     0   0     0   0     0   0     0   0     0   0
   11    3   933   8   751  10   193   5   509   9   547  10   975   8     0   0
   11    4  1005   7  1115  11   291   6   532  11   586  11  1132  10     0   0
   12    1   895   6   713   6   336   7   443   9   523   9  1501   9   146   1
   12    2  1270   9   630  10   265   8   801  11   692  11  1565  11     0   0
   12    3   939   4   717   5   273   6   629   7   701   7  1137   7     0   0
   12    4   998   7   477   9   240   7   417   9   545   9  1540  10     0   0
   13    1     0   0     0   0     0   0     0   0     0   0     0   0     0   0
   13    2   866  13   617  19   245  14   614  18   515  18  1287  19     0   0
   13    3   905   8   882   8   225   9   884  10   598   9  1292   8     0   0
   13    4   812   7   634   7   218   5   626   9   373  10  1402   9   271   1
   14    1  1075   7   829  10   336   9   800  10   713  10  1793   9     0   0
   14    2  1350   4   901   6   290   5   528   9   508   9  1473   8     0   0
   14    3  1599   5  1105   7   257   5   608   8   486   9  1724   9     0   0
   14    4   762   4   752   7   323   5   546   7   631   7  1214   7     0   0
   15    1  1021  18   717  19   218   9   538  20   646  20  1495  21     0   0
   15    2     0   0     0   0     0   0     0   0     0   0     0   0     0   0
   15    3   815   7  1046   9   159   5   560  10   523   9  1037  10     0   0
   15    4  1112   7   707   8   220   5   705  10   701   9  1367   9     0   0
   16    1  1232   6  1018   8   314   5   661   8   495   9  1110   9     0   0
   16    2  1362   9  1018   9   329   7   839  11   490  11  1269  10   561   1
   16    3   701   7   988   9   289   2   772   9   543   9   816   9     0   0
   16    4  1105   5   942  10   202   2   671   9   426  10  1185  10     0   0
   17    1     0   0     0   0     0   0     0   0     0   0     0   0     0   0
   17    2   995  11   774  18   168   5   677  19   716  20  1269  18     0   0
   17    3  1020   7   895  11   230   6   786  10   865  11  1452  10     0   0
   17    4   962   7   608  10   242   3  1025   8   758   9  1272  10     0   0
   18    1   790   7   837  10   192   5   734  10   673  10  1491  10     0   0
   18    2   748   7   873  10   333   4   615   9   651   9  1273  10     0   0
   18    3     0   0     0   0     0   0     0   0     0   0     0   0     0   0
   18    4  1015  12   744  16   188   4   733  18   587  18  1556  19     0   0
   19    1   768   9   524   9   255  10   542  10   511  10  1150  10     0   0
   19    2   961   6   727   9   284   6   560  10   715  11  1362  11     0   0
   19    3  1266   7   838   8   262   8   845  10   550   9  1050  10     0   0
   19    4  1246   7   778   8   351   8   927  10   541  10  1389  10     0   0
   20    1   392   6   483   8   298   8   601  10   488   9  1238  10     0   0
   20    2  1149   8   515   5   295   8   788   9   625  10  1329  10     0   0
   20    3  1018   5   816   5   392   5   464   8   636   8  1278   8     0   0
   20    4  1733   6   956   9   247   4   649   9   411  11  1473  11     0   0
   21    1   880   5   733  10   195   6   586   9   430  10  1465  10     0   0
   21    2   866   6   538   6   325   7   573   7   702   7   949   7     0   0
   21    3  1113  10   822  11   210   8   711  11   466  11  1519  10     0   0
   21    4  1120   6   685   5   272   5   763   7   657   8  1243   8     0   0
   22    1  1252   7  1023  11   306   4   713  11   815  11  1872   9     0   0
   22    2   920   8  1073  10   188   3   680   9   713  10  1410  10     0   0
   22    3     0   0     0   0     0   0     0   0     0   0     0   0     0   0
   22    4  1276  15  1180  16   153   5   545  19   576  20  1806  21     0   0
   23    1   788  13   670  16   221   8   470  19   442  19  1769  20     0   0
   23    2     0   0     0   0     0   0     0   0     0   0     0   0     0   0
   23    3   951   8   916   9   285   5   556   9   474   9  1303   8     0   0
   23    4  1132  10  1223  10   288   6   763  10   732  10  1955  10     0   0
   24    1   869   7   716   9   349   5   529  10   542   9  1440  10     0   0
   24    2  1104   7   651   8   306   9   778  10   887   9  1741  10     0   0
   24    3   878   3   606   8   281   7   735   9   499   9  1613   9     0   0
   24    4   706   5   583   7   157   5   552   9   752   9  2148   9     0   0
   25    1     0   0     0   0     0   0     0   0     0   0     0   0     0   0
   25    2  1361  10   708  14   335  14   681  19   656  18  1362  19     0   0
   25    3  1344   9   808   9   285   9  1062  10   706  10  1490   9     0   0
   25    4  1156   8   743  10   280   8   954   9   774  10  1309   9     0   0
   26    1  1223   9   754  11   339  11   873  11   587  11  1311  11     0   0
   26    2  1097   7   558   9   305   8   558   8   503   8  1127   9     0   0
   26    3  1162   8   718  10   304   9   622  11   414  11  1042  11     0   0
   26    4  1397   6   723   9   280   6   484   8   425   9   999   8     0   0
   27    1  1239  10   853  11   399  12   773  14   791  14  1660  12     0   0
   27    2     0   0     0   0     0   0     0   0     0   0     0   0     0   0
   27    3   919   3   906   7   258   6   753   9   743   9  1145   7     0   0
   27    4   937   5   649   9   296   7   659   8   805   9  1063   9   168   1
   28    1   929   7   728   6   338   7   788   9   731   8  1051   9     0   0
   28    2   651   8   596   8   286   8   869   7   669   9   918   8     0   0
   28    3   999  11   829  16   292   6   700  18   718  19  1151  19     0   0
   28    4     0   0     0   0     0   0     0   0     0   0     0   0     0   0
   29    1  1241   7   845   9   235   4   645   9   675   8  1751   9     0   0
   29    2  1075   5   674   8   375   7   523   9   525   9  1173   9     0   0
   29    3  1114   7   662   7   313   8   805  10   566  10  1805  10     0   0
   29    4   732   7   817   8   249   7   486  10   514  10  1383  10     0   0
   30    1  1142  11   849   8   217   6   716  11   753  11  1346  11     0   0
   30    2   872   9   653   8   209   8   573  10   554  10  1601  10     0   0
   30    3  1334   6   895   7   335   3   628   9   613   8  1629   9     0   0
   30    4  1297   6   632   9   277   5   490   8   476  10  1428  10     0   0
   31    1   705   7   747   9   173   3   902  10   656  10  1303   9     0   0
   31    2   802   5  1324  10   156   2   617  10   632  10  1186  10     0   0
   31    3   804   6   999  10   282   5   760  10   777  10   977  10     0   0
   31    4  1063   8   952  11   296   7   922  11   713  11  1211  11     0   0
   32    1   912   4   995   7   228   2   615   9   745   9  1474   9     0   0
   32    2   965   3   983  11   197   4   689  11   567  11  1398  11     0   0
   32    3   646   8   547   8   296   7   527  10   490  10  1441  10     0   0
   32    4   649   5   682   7   164   5   737   9   643  11  1557  10   288   1
   33    1     0   0     0   0     0   0     0   0     0   0     0   0     0   0
   33    2  1124  13   558  15   311  12   548  19   507  20  1260  19   146   1
   33    3  1397   7   820   7   424   9   738  10   581   9  2093   9     0   0
   33    4  1008   9   707   5   321   6   654   8   697   9  1203   9     0   0
   34    1   711   9   545   8   293  10   963  11   596  10  1267  10     0   0
   34    2   844   6   570   8   226   6   577   9   598  10  1333  10     0   0
   34    3     0   0     0   0     0   0     0   0     0   0     0   0     0   0
   34    4   760  12   591  17   197  13   725  20   661  19  1533  20     0   0
   35    1  1351   7   743   9   391   6   486   9   475   9  1234   9     0   0
   35    2  1154   8   776  11   260   7   528  10   400  11  1175  11     0   0
   35    3  1488   8   922   8   367   5   618   9   459   9  1021   9     0   0
   35    4  1425   9   986  10   255   8   790  10   541  11  1249  11     0   0
   36    1   895   8   638   9   192   8   646  10   529  10  1179  10     0   0
   36    2  1021   8   591  10   254   7   814  10   498  10  1232  10     0   0
   36    3   863   6   670   9   307   6   605   9   554  10   938   9     0   0
   36    4   804   8   569   7   196   4   692   9   517   8  1180   9     0   0
   37    1     0   0     0   0     0   0     0   0     0   0     0   0     0   0
   37    2   907  10   765  18   200   8   459  19   530  19  1255  18     0   0
   37    3  1236   5   910   9   383   4   885  10   862   9  1492  10     0   0
   37    4   936   8   973  10   199   4   719  10   720  10  1044  10     0   0
   38    1  1038   6  1005   8   213   8   939  10   727  10  1678  11     0   0
   38    2  1029   5  1024  10   310   4   648  10   498  10  1233  10     0   0
   38    3     0   0     0   0     0   0     0   0     0   0     0   0     0   0
   38    4   899  13   754  16   284  13   581  20   475  20  1002  19   214   1
   39    1  1112  12   915  13   258  10   868  16   763  18  1496  18     0   0
   39    2     0   0     0   0     0   0     0   0     0   0     0   0     0   0
   39    3  1012   7   768   9   250   6   644   9   616   9  1502   8     0   0
   39    4  1132   8  1049  10   344   6   815   9  1001  10  1714   9   165   1
   40    1  1120   6  1162   9   303   6   781  10   684  10  1167  10     0   0
   40    2  1457   7   806  10   262   6   617  11   495  10  1397  11   424   1
   40    3  1094  14   787  19   276  10   656  20   609  21  1222  21   188   1
   40    4     0   0     0   0     0   0     0   0     0   0     0   0     0   0
