    1    1   398   9   268   8     0   0   224   7   173   8   213   9     0   0
    1    2   475   9   224   8     0   0   180   8   205   8   180   9     0   0
    1    3   447   7   244   6     0   0   189   4   233   7   150   6     0   0
    1    4   466  11   213  12     0   0   207  13   212  11   175  13     0   0
    2    1   481   5   258   8   185   2   259   9   276  10   249  10     0   0
    2    2   326   5   273   5     0   0   208   8   200   9   177   9     0   0
    2    3   427   7   217   8   285   1   280   6   234   9   244   9     0   0
    2    4   221   6   186   8     0   0   261   7   192   8   227   9     0   0
    3    1   304   7   215  10   209   3   245  10   221   8   211  10     0   0
    3    2   342   5   167   6   167   2   298   7   253  10   184  10     0   0
    3    3   229   8   261   7   159   1   206   9   235   8   190   9     0   0
    3    4   361   8   212  10   200   2   254  10   211  10   189  10     0   0
    4    1   322   6   194   5     0   0   179   5   169   4   206   9     0   0
    4    2   185   5   189   9     0   0   205   6   129   7   167  10     0   0
    4    3   263   8   166  10     0   0   176   7   206   5   158   9     0   0
    4    4   244   8   253   5     0   0   187   8   168   6   179   9     0   0
    5    1   196   1   220   4     0   0   203   2   214   2   197   8     0   0
    5    2     0   0   364   7     0   0   154   1   207   4   201  10     0   0
    5    3     0   0   247   5     0   0   170   2   203   2   167   7     0   0
    5    4     0   0   303   5   184   1   200   4   205   3   198  11     0   0
    6    1   317   7   239   8     0   0   257   7   243   8   220   8     0   0
    6    2   262   6   236   7     0   0   205   7   195   8   220   8     0   0
    6    3   376   7   207   8     0   0   202   6   217   9   234   9     0   0
    6    4   226   6   185   5     0   0   206   6   200   3   228   6     0   0
    7    1   257   1   348   6   166   1   193   2   271   5   232   8     0   0
    7    2   355   3   361   5     0   0   214   5   234   7   276   9     0   0
    7    3   337   3   239   7   175   1   218   6   261   6   222   9     0   0
    7    4   316   3   272   9     0   0   284   7   256   9   223  10     0   0
    8    1   382   3   266   5   424   1   198   9   267   6   210   9     0   0
    8    2   299   4   285   7   262   3   177   7   235   6   230   7     0   0
    8    3   338   1   360   8   303   2   235   9   247   7   217   8     0   0
    8    4   414   4   321   6   185   3   267   8   214   6   212   9     0   0
    9    1   308   7   219   9     0   0   179   6   307   7   238   9     0   0
    9    2   269   5   267   7   141   1   210   5   295   7   173   7     0   0
    9    3   352   4   297   6     0   0   259   7   245   4   224   6     0   0
    9    4   337  10   204  12     0   0   188  11   241  10   193  13     0   0
   10    1   361   9   166  10     0   0   171   9   259   9   301   9     0   0
   10    2   379   7   209   8   453   1   189  10   258   8   264   8     0   0
   10    3   382   8   178  10   169   1   260   8   280  10   274  10     0   0
   10    4   457   7   229   7     0   0   194   8   232   8   273   8     0   0
   11    1   231   8   189   7     0   0   237   7   178   8   145   8     0   0
   11    2   266   8   201  10     0   0   195   9   174   8   155  10     0   0
   11    3   235   4   182   5     0   0   171   6   198   5   141   6     0   0
   11    4   255   9   206  11   163   2   202  12   202  10   171  13     0   0
   12    1   387   6   189   6   268   1   241   6   238   8   274  10     0   0
   12    2   392   5   251   5   231   1   343   4   217   4   236   9     0   0
   12    3   433   7   193   4   203   3   216   3   252   6   215   9     0   0
   12    4   276   4   296   6     0   0   196   6   227   4   253  10     0   0
   13    1   370   6   323   9     0   0   288   7   256   8   269   9     0   0
   13    2   348   3   284   8     0   0   220   3   252   8   237   6     0   0
   13    3   321   5   268   7     0   0   253   5   270   9   263   8     0   0
   13    4   416   6   269   7     0   0   244   5   282   4   244   9     0   0
   14    1   329   5   193   8     0   0   240   7   214   6   221   9     0   0
   14    2   372   8   266   7     0   0   250  10   242   7   185  10     0   0
   14    3   410   8   176   7     0   0   187   6   217   6   203  10     0   0
   14    4   336   7   195   8     0   0   192   8   259   7   238  10     0   0
   15    1   317   6   198   9   287   1   273   7   268  10   255   9     0   0
   15    2   258   8   240   6   208   4   239   8   294   9   215   9   485   1
   15    3   379   6   225   6   313   1   266   7   309  10   282   9     0   0
   15    4   362   6   265   8   266   1   202   9   306   8   266  10     0   0
   16    1   361   6   231   6     0   0   243   6   238   8   264  10     0   0
   16    2   319   3   256   8     0   0   239   6   232   4   210   9     0   0
   16    3   339   2   280   9     0   0   238   8   223   8   217  10     0   0
   16    4   315   4   247   8     0   0   256   5   208   5   233   9     0   0
   17    1   325   3   233   7   204   2   241   8   246  10   265  10     0   0
   17    2   279   5   248   5   292   1   181   4   239   8   251   9     0   0
   17    3   388   4   227   7   269   2   215   7   231   8   298   9     0   0
   17    4   402   6   215   7   159   1   310   4   196   5   217   8     0   0
   18    1   331   5   260   2   252   1   225   2   346   3   230   7     0   0
   18    2   292   4   413   3   320   1   255   1   185   4   228  10     0   0
   18    3   257   2   302   1   395   1   239   3     0   0   244   6     0   0
   18    4   402   6   240   2     0   0   238   4   224   4   278  12     0   0
   19    1   379   6   289   7     0   0   266   8   282   9   207  10     0   0
   19    2   402   7   275   7     0   0   289   7   236   6   195   8     0   0
   19    3   384   8   242   7   257   1   243   9   217   6   245   9     0   0
   19    4   476   9   284   7   209   3   261   8   251   7   238   9     0   0
   20    1   299   5   216   8     0   0   179   8   223   9   249   8     0   0
   20    2   299   9   234   9     0   0   193   8   190   8   175   9     0   0
   20    3   470   4   213   8   232   1   191   8   195   8   212   9     0   0
   20    4   307   3   304   8     0   0   196   8   199   7   217   7     0   0
   21    1   373   7   283   9   171   1   250  10   283   9   273   7     0   0
   21    2   407   6   337   9   329   2   284  10   271  10   251  10     0   0
   21    3   414   7   263   9   275   1   251   8   248   9   245   9     0   0
   21    4   377   5   240   8     0   0   270  10   230   9   238  10     0   0
   22    1   400   5   234   6     0   0   258   5   199   6   220   9     0   0
   22    2   383   2   230   5   153   1   171   2   278   5   210  10     0   0
   22    3   447   4   248   6     0   0   187   5   208   2   241   7     0   0
   22    4   545   2   275   7     0   0   210  10   257   5   234  13     0   0
   23    1   392   9   321   7   191   1   313   7   332   8   226  10     0   0
   23    2   337   6   349   8   166   1   313   7   225   5   210   7     0   0
   23    3   404   5   342   5   188   1   328   8   292   7   315   8     0   0
   23    4   369   8   292   6     0   0   331   8   337   7   357   9     0   0
   24    1   412   6   249   9     0   0   240   8   201   8   229  10     0   0
   24    2   467   7   243   7   173   1   251   9   257   8   197  10     0   0
   24    3   476   9   279  10     0   0   250   9   227   9   250   8     0   0
   24    4   391   9   303   8     0   0   248   8   241   8   184   8     0   0
   25    1   332   6   289   9   141   1   226   9   262   9   351   9     0   0
   25    2   468   3   367   9   224   1   249   8   289   9   272   9     0   0
   25    3   506   4   359   6   195   1   220   7   249   7   340   7     0   0
   25    4   320   7   311  10     0   0   329  11   261  11   333  11     0   0
   26    1   312   8   245   7   295   1   197  10   278   9   281  10     0   0
   26    2   353   5   252  10     0   0   219  10   218   7   182   9     0   0
   26    3   401   7   232   8   271   2   239  10   195  10   241   9     0   0
   26    4   271   6   229   8   226   1   208   8   227   8   216   9     0   0
   27    1   365   9   219   7   100   1   201   8   266   3   236   9     0   0
   27    2   280   6    97   1     0   0   246   7   196   6   223   6     0   0
   27    3   361   9   251   6     0   0   174   8   252   9   265   9     0   0
   27    4   372   8   199   3     0   0   246   6   245   4   235   8     0   0
   28    1   273   5   286   5     0   0   231   2   209   7   272  10     0   0
   28    2   402   8   194   9   317   1   248   1   167   6   171   9     0   0
   28    3   297   7   202   8     0   0   256   7   193   8   182  10     0   0
   28    4   384   5   204   6     0   0   233   1   215   4   223   9   449   1
   29    1   288   5   255   7     0   0   212   5   312   5   260   8     0   0
   29    2   223   8   232   4     0   0   201   4   226   8   271  10     0   0
   29    3   316   3   186   6     0   0   235   6   253   4   240   6     0   0
   29    4   292   8   190   5     0   0   216   8   230   8   202  12     0   0
   30    1   482   7   271   8   180   2   226   9   264   8   210   9     0   0
   30    2   339   8   263   7   215   1   231   9   203   9   187   9     0   0
   30    3   495   6   237   7     0   0   403   8   280   7   211   9     0   0
   30    4   426   9   308   8     0   0   237  10   235   8   188   9     0   0
   31    1   479   9   264   9   292   3   227   9   262  10   268   9     0   0
   31    2   393   5   231   9   133   1   272   7   286   8   261  10     0   0
   31    3   407   5   192   7   379   2   272   7   296   7   315   8     0   0
   31    4   505   5   258   4   235   1   259   7   331   8   267   8     0   0
   32    1   332   7   194   7     0   0   178   8   196   8   209  10     0   0
   32    2   391   9   206  10   175   1   195   9   190   9   179   8     0   0
   32    3   344   7   261   7     0   0   183   8   193   7   217   8     0   0
   32    4   291   7   198   6     0   0   171   7   179   8   200   9     0   0
   33    1   263   4   354   5   298   1   308   5   311   7   252   7     0   0
   33    2   336   3   341   4   135   1   289   9   305   8   288   9     0   0
   33    3   447   3   288   6   321   2   309   5   274   4   302   4     0   0
   33    4   382   3   285   8     0   0   337   8   303   8   251   8   288   1
   34    1   378   8   220   9   212   3   220   9   215   6   354   9     0   0
   34    2   411   6   209   9   359   6   155   8   302   9   239   9     0   0
   34    3   265   9   140   8   238   2   190   9   196   8   268   9     0   0
   34    4   375   8   200   7   221   2   188   7   186   8   249  10     0   0
   35    1   204   2   230   7     0   0   246   7   181   6   202   8     0   0
   35    2   243   2   248   6   217   2   208   7   251   8   246   8     0   0
   35    3   264   1   165   7   186   1   227   7   193   8   269   9     0   0
   35    4     0   0   169  10   290   1   240   9   245  10   228   9   271   1
   36    1   184   5   209   8     0   0   219   9   207   9   183  10     0   0
   36    2   269   4   230   8     0   0   250   8   234   9   216   7     0   0
   36    3   203   5   278   9     0   0   226   7   234   8   207   9     0   0
   36    4   360   6   206   5     0   0   243   9   205  10   221  10     0   0
   37    1     0   0   248   3     0   0   220   4   252   4   298   7     0   0
   37    2   340   2   249   2     0   0   231   4   311   3   274   8     0   0
   37    3   475   1   214   3     0   0   317   2   205   3   280   6   188   1
   37    4   520   1   172   2     0   0   277   5   226   2   283   9   214   1
   38    1   384   4   280   8   261   2   244   9   277   8   241  10   146   1
   38    2   292   4   251   7     0   0   301   7   208   9   220   7     0   0
   38    3   281   4   287   9   241   1   222   9   271   9   259   9     0   0
   38    4   393   6   289   9   189   3   224   9   214   7   272  10   116   1
   39    1   293   5   312   6     0   0   187   6   239   6   236   6     0   0
   39    2   320   5   328   8     0   0   296   7   246   8   199   6     0   0
   39    3   344   4   269   3     0   0   188   4   306   4   187   4     0   0
   39    4   280   2   302   9     0   0   257   8   269   9   205   9     0   0
   40    1   160   5   191   5     0   0   160   3   182   4   171   7     0   0
   40    2   287   4   161   5     0   0   168   5   189   3   213  10     0   0
   40    3   311   1   208   8     0   0   184   5   258   3   150   9     0   0
   40    4   398   4   211   7     0   0   213   3   172   3   209   9     0   0
   41    1   190   8   203   8     0   0   238   7   199   5   182   7     0   0
   41    2   163   5   190   6   180   1   210   6   186   7   175   9     0   0
   41    3   245   5   194   5     0   0   206   4   190   5   180   5     0   0
   41    4   229  10   200  10     0   0   193   9   187  10   224  11     0   0
   42    1   348   9   349  10   200   3   277   9   248  10   203  10     0   0
   42    2   465   7   271   8     0   0   241   8   318   9   223  10   561   1
   42    3   378   4   299   6   238   1   316  10   282   8   276  10     0   0
   42    4   330   4   254   8   240   2   301   8   274   9   263   8     0   0
