    1    1   948   7   728   9   515   3   795   9   580  10  1257  11     0   0
    1    2   717   4   853   7   363   6   906   8   658   9  1388  10     0   0
    1    3   977   8  1278   7   906   7  1016   9   572  10  1253  10  1782   2
    1    4   883  10   663   9   737   8   669   9   737  10  1398  10   282   2
    2    1  1348  10   729   8   317   8   803   9   782  10  2782  10     0   0
    2    2  1181   6  1228   7   620   8   722   9   640   9  2228   9     0   0
    2    3  1403   5   879   9   462   3   897  10   947   9  3942   9     0   0
    2    4   795   7   594   8   361   4  1061  10   588   9  1815  10     0   0
    3    1  1275   6   752  10   445   9   855  10   799  10  1527  10     0   0
    3    2  1217   9   924   9   383   8   608  11   510  11  1409  11     0   0
    3    3   896   6   757  10   363   5  1113  10   621   9  1512  10     0   0
    3    4  1246   8  1144   9   662  10   737  10   801  11  1550  10     0   0
    4    1   824   7  1202  10   250   5   869  10   736  10  2512  10     0   0
    4    2  1107  11  1154  11   338   7   740  11  1064  10  2994  10     0   0
    4    3   718   9   852   8   413   5   658   9   669   9  1690   9     0   0
    4    4   844   4  1097   9   174   4   745   9   555   9  2034  11     0   0
    5    1   790   8   940  10   839   4  1004  10   524  10  1885  10     0   0
    5    2  1057   6   669   8   440   5   416   8   591   8  1510   8     0   0
    5    3  1345   8   906  10   371   8   915  11   849  11  1260  10     0   0
    5    4  1170   7   956   8   335   5   726  10   492   9  1060  10     0   0
    6    1  1337  11  1125  11   398   7   733  11   786   9  2193  11   473   1
    6    2  1408   4   917   7   643   3   537   6   562   8  1419   8     0   0
    6    3  1035   9   997  10   174   3   752  11   490  10  1877  11     0   0
    6    4  1343   5  1116   8   492   2   930   7   775   8  1513   8     0   0
    7    1  1341   6   778   9   268   7   874   9  1100   8  2081  10     0   0
    7    2   717   6   768   6   241   4   781  10   733  10  1809  10     0   0
    7    3   741   9  1156  10   338   5   729  10   791  10  1947   9     0   0
    7    4  1315   9  1114  10   656   8  1003  10   881  10  2569  11     0   0
    8    1  1096   8   865  10   343   6   498  10   606  10  2893   9     0   0
    8    2  1482   6   674   7   550   6   497   7   706   7  2081   6   485   1
    8    3  1606   6   787   9   447   7   659   9   640   9  1554   9     0   0
    8    4  1066   9   825  10   311   6   581   9   512  10  2607   9     0   0
    9    1   939   7   493   5   275   2   580   6   460   6  1776   6     0   0
    9    2  1035   8   631   6   420   5   886   9   758  10  1310  10     0   0
    9    3  1483   6   789   9  1239   4   894  10   461  11  2524  10     0   0
    9    4  1240   3   668   8   611   5   862  10   607  10  2228  10     0   0
   10    1  1097  10   716  11   377   7   688  11   817  11  2680  10     0   0
   10    2   947   8   481   9   378   4   526  10   623  10  3454  10     0   0
   10    3     0   0     0   0     0   0     0   0     0   0     0   0     0   0
   10    4   810  12   681  14   672  12   632  17   802  17  2252  18     0   0
   11    1  1025  16   610  18   336  11   732  19   455  21  1032  21     0   0
   11    2     0   0     0   0     0   0     0   0     0   0     0   0     0   0
   11    3   933   8   787  10   193   5   930   9   547  10  1314   8     0   0
   11    4  1005   7  1348  11   912   7   982  11   586  11  1280  10     0   0
   12    1   895   6   739   6   533   7   602   9   523   9  1889   9   146   1
   12    2  1270   9   658  10   931   8   846  11   692  11  2413  11     0   0
   12    3   939   4   717   5   339   6   711   7   826   7  1214   7     0   0
   12    4   998   7   477   9   308   7   496   9   567   9  2541  10     0   0
   13    1     0   0     0   0     0   0     0   0     0   0     0   0     0   0
   13    2   873  13   656  19   411  14   672  18   564  18  1803  19     0   0
   13    3   905   8   882   8   395   9   941  10   617   9  2364   8     0   0
   13    4   812   7   686   7   407   5   968   9   749  10  1460   9   271   1
   14    1  1075   7   829  10   438   9  1006  10   713  10  2741   9     0   0
   14    2  1350   4   998   6   454   5   843   9   508   9  1473   8     0   0
   14    3  1599   5  1105   7   330   5   705   8   518   9  1957   9     0   0
   14    4   762   4   752   7   360   5   730   7   631   7  1214   7     0   0
   15    1  1021  18   717  19   342   9   674  20   674  20  2328  21     0   0
   15    2     0   0     0   0     0   0     0   0     0   0     0   0     0   0
   15    3   815   7  1132   9   332   5   843  10   667   9  1100  10     0   0
   15    4  1131   7   787   8   609   5   918  10   821   9  1787   9     0   0
   16    1  1232   6  1224   8   379   5   661   8   495   9  1482   9     0   0
   16    2  1362   9  1018   9   430   7   852  11   698  11  1524  10   561   1
   16    3   701   7  1085   9   289   2  1167   9   543   9   816   9     0   0
   16    4  1105   5   837   9   202   2   671   9   426  10  1485  10     0   0
   17    1     0   0     0   0     0   0     0   0     0   0     0   0     0   0
   17    2  1009  11   996  18   337   5   778  19   778  20  1568  18     0   0
   17    3  1050   7   911  11   296   6   904  10   972  11  2212  10     0   0
   17    4   962   7   765  10   509   3  1278   8   790   9  1443  10     0   0
   18    1   824   7   969  10   247   5   834  10   673  10  1591  10     0   0
   18    2   748   7  1011  10   452   4   824   9   673   9  1406  10     0   0
   18    3     0   0     0   0     0   0     0   0     0   0     0   0     0   0
   18    4  1015  12   766  16   243   4  1004  18   587  18  2080  19     0   0
   19    1   768   9   608   9   446  10   589  10   536  10  1191  10     0   0
   19    2   961   6   968   9   688   6   881  10   735  11  1567  11     0   0
   19    3  1266   7   883   8   446   8  1183  10   550   9  1072  10     0   0
   19    4  1246   7   883   8   895   8  1007  10   590  10  1546  10     0   0
   20    1   392   6   568   8   576   8   780  10   488   9  1566  10     0   0
   20    2  1149   8   515   5   743   8   849   9   648  10  1893  10     0   0
   20    3  1018   5   816   5   837   5   723   8   681   8  2079   8     0   0
   20    4  1733   6  1228   9   298   4   719   9   457  11  2320  11     0   0
   21    1   880   5   909  10   370   6   723   9   481  10  2846  10     0   0
   21    2   866   6   616   6   430   7   838   7   876   7  1151   7     0   0
   21    3  1113  10   871  11   601   8  1216  11   516  11  1904  10     0   0
   21    4  1120   6   685   5   339   5   967   7   657   8  1563   8     0   0
   22    1  1283   7  1095  11   387   4   970  11   815  11  2040   9     0   0
   22    2   920   8  1073  10   188   3   754   9   713  10  2403  10     0   0
   22    3     0   0     0   0     0   0     0   0     0   0     0   0     0   0
   22    4  1314  15  1232  16   196   5   826  19   656  20  3122  21     0   0
   23    1   788  13   760  16   294   8   585  19   442  19  1877  20     0   0
   23    2     0   0     0   0     0   0     0   0     0   0     0   0     0   0
   23    3   951   8   952   9   656   5   607   9   533   9  1513   8     0   0
   23    4  1132  10  1242  10   434   6   776  10   750  10  2100  10     0   0
   24    1   869   7   826   9   565   5   805  10   755   9  1606  10     0   0
   24    2  1178   7   815   8   507   9   949  10   923   9  1724   9     0   0
   24    3   878   3   684   8   425   7   894   9   522   9  1660   9     0   0
   24    4   736   5   771   7   449   5   757   9   835   9  3296   9     0   0
   25    1     0   0     0   0     0   0     0   0     0   0     0   0     0   0
   25    2  1361  10   779  14   537  14   813  19   688  18  2115  19     0   0
   25    3  1344   9   808   9   388   9  1186  10   719  10  1954   9     0   0
   25    4  1156   8   843  10   393   8  1077   9   906  10  2258   9     0   0
   26    1  1223   9   754  11   503  11  1018  11   620  11  1381  11     0   0
   26    2  1097   7   558   9   468   8   739   8   524   8  1291   9     0   0
   26    3  1162   8   874  10   994   9   644  11   436  11  1180  11     0   0
   26    4  1413   6   796   9   501   6   592   8   527   9  1124   8     0   0
   27    1  1239  10  1215  11   630  12   964  14   889  14  1819  12     0   0
   27    2     0   0     0   0     0   0     0   0     0   0     0   0     0   0
   27    3   919   3  1020   7   308   6  1077   9   743   9  1145   7     0   0
   27    4   937   5   649   9   523   8   922   8   978   9  1089   9  1355   1
   28    1   929   7   728   6   699   7   871   9   731   8  1311   9     0   0
   28    2   667   8   670   8   402   8   965   7   756   9  1215   7     0   0
   28    3   999  11   846  16   489   6  1064  18   796  19  1463  19     0   0
   28    4     0   0     0   0     0   0     0   0     0   0     0   0     0   0
   29    1  1241   7   884   9   326   4   786   9   675   8  1861   9     0   0
   29    2  1075   5   690   8   484   7   782   9   599   9  1709   9     0   0
   29    3  1134   7   662   7   822   8  1139  10   566  10  2761  10     0   0
   29    4   732   7   817   8   424   7   600  10   588  10  1490  10     0   0
   30    1  1142  11   849   8   559   6   716  11   753  11  1489  11     0   0
   30    2   872   9   653   8   452   8   600  10   554  10  1876  10     0   0
   30    3  1334   6   988   7   535   3   881   9   613   8  1929   9     0   0
   30    4  1297   6   692   9   716   5   635   8   573  10  1674  10     0   0
   31    1   705   7   747   9   496   3  1073  10   673  10  1733   9     0   0
   31    2   802   5  1491  10   156   2   828  10   676  10  1737  10     0   0
   31    3   804   6  1039  10   374   5   973  10   860  10  1135  10     0   0
   31    4  1092   8  1007  11   522   7  1119  11   836  11  1859  11     0   0
   32    1   912   4   995   7   388   2   770   9   830   9  1573   9     0   0
   32    2   965   3  1002  11   197   4   865  11   567  11  1538  11     0   0
   32    3   646   8   640   8   822   7   753  10   490  10  1534  10     0   0
   32    4   649   5   832   7   282   5  1084   9   734  11  1940  10   288   1
   33    1     0   0     0   0     0   0     0   0     0   0     0   0     0   0
   33    2  1166  13   669  15   596  12   785  19   633  20  1470  19   357   1
   33    3  1397   7   954   7   868   9   798  10   581   9  3143   9     0   0
   33    4  1008   9   707   5   513   6   798   8   773   9  1269   9     0   0
   34    1   726   9   545   8   567  10  1105  11   596  10  1286  10     0   0
   34    2   844   6   668   8   374   6   693   9   658  10  1439  10     0   0
   34    3     0   0     0   0     0   0     0   0     0   0     0   0     0   0
   34    4   760  12   685  17   269  13   884  19   810  19  2380  20     0   0
   35    1  1373   7   761   9   467   6   613   9   509   9  1326   9     0   0
   35    2  1154   8   923  11   360   7   866  10   400  11  1416  11     0   0
   35    3  1488   8   932   8   525   5   698   9   459   9  1373   9     0   0
   35    4  1425   9  1132  10   366   8   854  10   593  11  1435  11     0   0
   36    1   895   8   748   9   351   8   689  10   541  10  1609  10     0   0
   36    2  1021   8   648  10   623   7   877  10   498  10  1601  10     0   0
   36    3   863   6   670   9   811   6   678   9   554  10  1137   9     0   0
   36    4   804   8   569   7   432   4   742   9   517   8  1438   9     0   0
   37    1     0   0     0   0     0   0     0   0     0   0     0   0     0   0
   37    2   907  10   919  18   281   8   516  19   714  19  1766  18     0   0
   37    3  1236   5   973   9   736   4  1202  10   862   9  1708  10     0   0
   37    4   936   8  1031  10   399   4   854  10   901  10  1096  10     0   0
   38    1  1104   6  1035   8   527   8  1082  10   747  10  1870  11     0   0
   38    2  1029   5  1144  10   438   4   769  10   498  10  1484  10     0   0
   38    3     0   0     0   0     0   0     0   0     0   0     0   0     0   0
   38    4   899  13   992  16   586  13   634  20   494  20  1269  19   214   1
   39    1  1112  12  1018  13   416  10  1146  16   899  18  1806  18     0   0
   39    2     0   0     0   0     0   0     0   0     0   0     0   0     0   0
   39    3  1012   7   768   9   482   6  1121   9   647   9  1856   8     0   0
   39    4  1132   8  1120  10   457   6  1092   9  1024  10  2322   9   488   1
   40    1  1120   6  1247   9   502   6   908  10   743  10  1209  10     0   0
   40    2  1480   7  1111  10   740   6   756  11   539  10  1463  11   730   1
   40    3  1094  14   820  19   639  10   775  20   629  21  1283  21   188   1
   40    4     0   0     0   0     0   0     0   0     0   0     0   0     0   0
