    1    1    63  11    90  11    27  11    90  11    90  11   100  11     0  11
    1    2    60  10    70  10    60  10   100  10   100  10   100  10     0  10
    1    3    90  10    70  10    70  10   100  10   100  10   100  10    20  10
    1    4   100  10    90  10    80  10    90  10   100  10   100  10    20  10
    2    1   100  10    80  10    80  10    90  10   100  10   100  10     0  10
    2    2    77   9    77   9    88   9   100   9   100   9   100   9     0   9
    2    3    60  10    90  10    30  10   100  10    90  10   100  10     0  10
    2    4    80  10    80  10    40  10   100  10    90  10   100  10     0  10
    3    1    70  10   100  10    90  10   100  10   100  10   100  10     0  10
    3    2    81  11    90  11    72  11   100  11   100  11   100  11     0  11
    3    3    70  10   100  10    50  10   100  10    90  10   100  10     0  10
    3    4    81  11    81  11    90  11    90  11   100  11   100  11     0  11
    4    1    80  10   100  10    50  10   100  10   100  10   100  10     0  10
    4    2   100  11   100  11    63  11   100  11    90  11   100  11     0  11
    4    3   100   9    88   9    55   9   100   9   100   9   100   9     0   9
    4    4    54  11   100  11    36  11    81  11    81  11   100  11     0  11
    5    1    90  10   100  10    40  10   100  10   100  10   100  10     0  10
    5    2    77   9   100   9    55   9   100   9   100   9    88   9     0   9
    5    3    81  11   100  11    72  11   100  11   100  11   100  11     0  11
    5    4    80  10    90  10    50  10   100  10    90  10   100  10     0  10
    6    1   100  11   100  11    63  11   100  11    90  11   100  11     9  11
    6    2    75   8    87   8    37   8    75   8   100   8   100   8     0   8
    6    3    81  11   100  11    27  11   100  11    90  11   100  11     0  11
    6    4    62   8   100   8    25   8    87   8   100   8   100   8     0   8
    7    1    60  10    90  10    70  10    90  10    80  10   100  10     0  10
    7    2    70  10    70  10    40  10   100  10   100  10   100  10     0  10
    7    3   100  10   100  10    50  10   100  10   100  10   100  10     0  10
    7    4    90  11    90  11    72  11    90  11    90  11   100  11     0  11
    8    1    90  10   100  10    60  10   100  10   100  10   100  10     0  10
    8    2    85   7   100   7    85   7   100   7   100   7   100   7    14   7
    8    3    77   9   100   9    77   9   100   9   100   9   100   9     0   9
    8    4    90  10   100  10    60  10    90  10   100  10   100  10     0  10
    9    1    70  10     0   0     0   0     0   0     0   0     0   0     0   0
    9    2    80  10    70  10    50  10   100  10   100  10   100  10     0  10
    9    3    81  11    90  11    36  11    90  11   100  11   100  11     0  11
    9    4    50  10   100  10    50  10   100  10   100  10   100  10     0  10
   10    1    90  11   100  11    63  11   100  11   100  11   100  11     0  11
   10    2    80  10   100  10    40  10   100  10   100  10   100  10     0  10
   10    3     0   0     0   0     0   0     0   0     0   0     0   0     0   0
   10    4    72  18    83  18    66  18    94  18    94  18   100  18     0  18
   11    1    80  21    85  21    57  21    90  21   100  21   100  21     0  21
   11    2     0   0     0   0     0   0     0   0     0   0     0   0     0   0
   11    3    90  10   100  10    50  10    90  10   100  10    90  10     0  10
   11    4    72  11   100  11    54  11   100  11   100  11   100  11     0  11
   12    1    77   9    77   9    77   9   100   9   100   9   100   9    11   9
   12    2    90  11    90  11    72  11   100  11   100  11   100  11     0  11
   12    3    71   7    71   7    85   7   100   7   100   7   100   7     0   7
   12    4    90  10    90  10    70  10   100  10    90  10   100  10     0  10
   13    1     0   0     0   0     0   0     0   0     0   0     0   0     0   0
   13    2    73  19   100  19    73  19    94  19    94  19   100  19     0  19
   13    3   100  10    80  10    90  10   100  10    90  10   100  10     0  10
   13    4    70  10    80  10    50  10    90  10   100  10   100  10    10  10
   14    1    90  10   100  10    90  10   100  10   100  10   100  10     0  10
   14    2    44   9    88   9    55   9   100   9   100   9   100   9     0   9
   14    3    77   9    88   9    55   9    88   9   100   9   100   9     0   9
   14    4    57   7   100   7    71   7   100   7   100   7   100   7     0   7
   15    1    85  21    95  21    42  21    95  21    95  21   100  21     0  21
   15    2     0   0     0   0     0   0     0   0     0   0     0   0     0   0
   15    3    70  10    90  10    50  10   100  10    90  10   100  10     0  10
   15    4    80  10    90  10    50  10   100  10    90  10   100  10     0  10
   16    1    66   9    88   9    55   9    88   9   100   9   100   9     0   9
   16    2    90  11    81  11    63  11   100  11   100  11   100  11     9  11
   16    3    77   9   100   9    22   9   100   9   100   9   100   9     0   9
   16    4    50  10   100  10    20  10   100  10   100  10   100  10     0  10
   17    1     0   0     0   0     0   0     0   0     0   0     0   0     0   0
   17    2    65  20    95  20    25  20    95  20   100  20    95  20     0  20
   17    3    90  11   100  11    54  11   100  11   100  11   100  11     0  11
   17    4    70  10   100  10    30  10    80  10    90  10   100  10     0  10
   18    1    90  10   100  10    50  10   100  10   100  10   100  10     0  10
   18    2    70  10   100  10    40  10    90  10    90  10   100  10     0  10
   18    3     0   0     0   0     0   0     0   0     0   0     0   0     0   0
   18    4    68  19    89  19    21  19    94  19    94  19   100  19     0  19
   19    1   100  10    90  10   100  10   100  10   100  10   100  10     0  10
   19    2    72  11    90  11    54  11    90  11   100  11   100  11     0  11
   19    3    80  10    80  10    80  10   100  10    90  10   100  10     0  10
   19    4    81  11    72  11    72  11    90  11    90  11   100  11     0  11
   20    1    90  10    90  10    80  10   100  10    90  10   100  10     0  10
   20    2    90  10    50  10    80  10    90  10   100  10   100  10     0  10
   20    3    75   8    75   8    62   8   100   8   100   8   100   8     0   8
   20    4    54  11    90  11    36  11    81  11   100  11   100  11     0  11
   21    1    60  10   100  10    60  10    90  10   100  10   100  10     0  10
   21    2    85   7   100   7   100   7   100   7   100   7   100   7     0   7
   21    3    90  11   100  11    72  11   100  11   100  11   100  11     0  11
   21    4    75   8    62   8    62   8    87   8   100   8   100   8     0   8
   22    1    81  11   100  11    36  11   100  11   100  11   100  11     0  11
   22    2    90  10   100  10    30  10    90  10   100  10   100  10     0  10
   22    3     0   0     0   0     0   0     0   0     0   0     0   0     0   0
   22    4    76  21    80  21    23  21    90  21   100  21   100  21     0  21
   23    1    65  20    90  20    45  20    95  20    95  20   100  20     0  20
   23    2     0   0     0   0     0   0     0   0     0   0     0   0     0   0
   23    3   100   9   100   9    55   9   100   9   100   9   100   9     0   9
   23    4   100  10   100  10    60  10   100  10   100  10   100  10     0  10
   24    1    80  10    90  10    50  10   100  10   100  10   100  10     0  10
   24    2    80  10    90  10    90  10   100  10   100  10   100  10     0  10
   24    3    44   9   100   9    77   9   100   9   100   9   100   9     0   9
   24    4    55   9    88   9    55   9   100   9   100   9   100   9     0   9
   25    1     0   0     0   0     0   0     0   0     0   0     0   0     0   0
   25    2    57  19    84  19    73  19   100  19    94  19   100  19     0  19
   25    3    90  10    90  10    90  10   100  10   100  10   100  10     0  10
   25    4    90  10   100  10    80  10   100  10   100  10    90  10     0  10
   26    1    90  11   100  11   100  11   100  11   100  11   100  11     0  11
   26    2    88   9   100   9    88   9    88   9    88   9   100   9     0   9
   26    3    72  11   100  11    81  11   100  11   100  11   100  11     0  11
   26    4    66   9   100   9    66   9   100   9   100   9   100   9     0   9
   27    1    71  14    85  14    85  14   100  14   100  14    92  14     0  14
   27    2     0   0     0   0     0   0     0   0     0   0     0   0     0   0
   27    3    44   9    88   9    66   9   100   9   100   9   100   9     0   9
   27    4    88   9   100   9    77   9    88   9   100   9   100   9    11   9
   28    1    77   9    66   9    77   9   100   9    88   9   100   9     0   9
   28    2    81  11    81  11    72  11    63  11    81  11    90  11     0  11
   28    3    61  21    90  21    28  21    85  21    90  21    90  21     0  21
   28    4     0   0     0   0     0   0     0   0     0   0     0   0     0   0
   29    1    70  10   100  10    40  10    90  10    80  10    90  10     0  10
   29    2    55   9    88   9    77   9   100   9   100   9   100   9     0   9
   29    3    90  10    70  10    80  10   100  10   100  10   100  10     0  10
   29    4   100  10    80  10    70  10   100  10   100  10   100  10     0  10
   30    1   100  11    72  11    54  11   100  11   100  11   100  11     0  11
   30    2   100  10    80  10    80  10   100  10   100  10   100  10     0  10
   30    3    66   9    77   9    33   9   100   9    88   9   100   9     0   9
   30    4    60  10    90  10    50  10    80  10   100  10   100  10     0  10
   31    1    70  10    90  10    30  10   100  10   100  10   100  10     0  10
   31    2    50  10   100  10    20  10   100  10   100  10   100  10     0  10
   31    3    70  10   100  10    50  10   100  10   100  10   100  10     0  10
   31    4    90  11   100  11    63  11   100  11   100  11   100  11     0  11
   32    1    55   9   100   9    22   9   100   9   100   9   100   9     0   9
   32    2    72  11   100  11    36  11   100  11   100  11   100  11     0  11
   32    3    80  10    80  10    70  10   100  10   100  10   100  10     0  10
   32    4    63  11    72  11    45  11    81  11   100  11   100  11     9  11
   33    1     0   0     0   0     0   0     0   0     0   0     0   0     0   0
   33    2    75  20    75  20    60  20    95  20   100  20   100  20     5  20
   33    3    90  10    70  10    90  10   100  10    90  10   100  10     0  10
   33    4   100   9    55   9    66   9    88   9   100   9   100   9     0   9
   34    1    90  11    72  11   100  11   100  11    90  11   100  11     0  11
   34    2    70  10    80  10    60  10    90  10   100  10   100  10     0  10
   34    3     0   0     0   0     0   0     0   0     0   0     0   0     0   0
   34    4    60  20    85  20    70  20   100  20    95  20   100  20     0  20
   35    1    77   9   100   9    66   9   100   9   100   9   100   9     0   9
   35    2    81  11   100  11    63  11    90  11   100  11   100  11     0  11
   35    3    88   9   100   9    55   9   100   9   100   9   100   9     0   9
   35    4   100  11   100  11    72  11    90  11   100  11   100  11     0  11
   36    1    90  10    90  10    80  10   100  10   100  10   100  10     0  10
   36    2   100  10   100  10    70  10   100  10   100  10   100  10     0  10
   36    3    60  10    90  10    60  10   100  10   100  10   100  10     0  10
   36    4    88   9    77   9    44   9   100   9    88   9   100   9     0   9
   37    1     0   0     0   0     0   0     0   0     0   0     0   0     0   0
   37    2    50  20    90  20    45  20    95  20    95  20   100  20     0  20
   37    3    60  10    90  10    40  10   100  10    90  10   100  10     0  10
   37    4    80  10   100  10    40  10   100  10   100  10   100  10     0  10
   38    1    81  11    72  11    72  11    90  11    90  11   100  11     0  11
   38    2    80  10   100  10    40  10   100  10   100  10   100  10     0  10
   38    3     0   0     0   0     0   0     0   0     0   0     0   0     0   0
   38    4    65  20    90  20    65  20   100  20   100  20   100  20     5  20
   39    1    66  18    83  18    55  18    88  18   100  18   100  18     0  18
   39    2     0   0     0   0     0   0     0   0     0   0     0   0     0   0
   39    3    77   9   100   9    66   9   100   9   100   9   100   9     0   9
   39    4   100  10   100  10    60  10   100  10   100  10   100  10    10  10
   40    1    70  10   100  10    60  10   100  10   100  10   100  10     0  10
   40    2    72  11    90  11    54  11   100  11   100  11   100  11     9  11
   40    3    76  21    95  21    47  21    95  21   100  21   100  21     4  21
   40    4     0   0     0   0     0   0     0   0     0   0     0   0     0   0
