    1    1    90  10   100   9    33   9    88   9   100   9   100   9     0   9
    1    2    90  10    80  10    40  10    90  10   100  10   100  10     0  10
    1    3   100   7    85   7    28   7    85   7   100   7   100   7     0   7
    1    4   100  13    92  13    84  13   100  13   100  13   100  13     0  13
    2    1    90  10   100  10    80  10   100  10   100  10   100  10     0  10
    2    2    77   9    88   9    77   9   100   9   100   9   100   9     0   9
    2    3    88   9    88   9    66   9   100   9   100   9   100   9    11   9
    2    4   100   9   100   9    88   9   100   9   100   9   100   9     0   9
    3    1    80  10   100  10    90  10   100  10   100  10   100  10     0  10
    3    2    70  10    90  10    80  10   100  10   100  10   100  10     0  10
    3    3    88   9    88   9   100   9   100   9   100   9   100   9     0   9
    3    4    90  10   100  10   100  10   100  10   100  10   100  10     0  10
    4    1    66   9    77   9    11   9    88   9   100   9   100   9     0   9
    4    2    70  10   100  10    30  10    90  10   100  10   100  10     0  10
    4    3    80  10   100  10    20  10   100  10   100  10   100  10     0  10
    4    4    80  10    70  10    30  10   100  10   100  10    90  10     0  10
    5    1    40  10   100   9    44   9   100   9   100   9    88   9     0   9
    5    2    20  10   100  10    30  10    90  10    90  10   100  10     0  10
    5    3     0   7   100   7    14   7    85   7   100   7   100   7     0   7
    5    4    18  11    90  11     9  11    90  11    90  11   100  11     0  11
    6    1   100   8   100   8    50   8   100   8   100   8   100   8     0   8
    6    2   100   8   100   8    87   8   100   8   100   8   100   8     0   8
    6    3   100   9    88   9    44   9   100   9   100   9   100   9     0   9
    6    4   100   7    85   7    57   7   100   7   100   7   100   7     0   7
    7    1    12   8   100   8    50   8   100   8   100   8   100   8     0   8
    7    2    33   9   100   9    66   9   100   9   100   9   100   9     0   9
    7    3    44   9   100   9    22   9   100   9   100   9   100   9     0   9
    7    4    40  10   100  10    50  10    90  10   100  10   100  10     0  10
    8    1    77   9    77   9    66   9   100   9    88   9   100   9     0   9
    8    2    62   8   100   8    75   8   100   8    87   8   100   8     0   8
    8    3    44   9   100   9    77   9   100   9   100   9   100   9     0   9
    8    4    60  10    70  10    40  10    90  10    90  10   100  10     0  10
    9    1    80  10   100   9    55   9   100   9   100   9   100   9     0   9
    9    2    75   8    87   8    37   8   100   8   100   8   100   8     0   8
    9    3    57   7   100   7    28   7   100   7    85   7   100   7     0   7
    9    4    84  13   100  13    38  13   100  13   100  13   100  13     0  13
   10    1    90  10   100  10    70  10   100  10    90  10   100  10     0  10
   10    2    80  10    90  10    80  10   100  10    90  10   100  10     0  10
   10    3    90  10   100  10    70  10   100  10   100  10   100  10     0  10
   10    4    77   9   100   9    66   9    88   9   100   9   100   9     0   9
   11    1   100   9   100   8    50   8   100   8   100   8   100   8     0   8
   11    2    80  10   100  10    70  10   100  10   100  10   100  10     0  10
   11    3    83   6   100   6    66   6   100   6   100   6   100   6     0   6
   11    4    69  13    84  13    76  13   100  13   100  13   100  13     0  13
   12    1    90  10    80  10    60  10   100  10   100  10   100  10     0  10
   12    2    90  10    70  10    70  10    80  10   100  10   100  10     0  10
   12    3   100  10    70  10    70  10   100  10    90  10   100  10     0  10
   12    4    80  10    80  10    70  10    90  10    90  10   100  10     0  10
   13    1    80  10    90  10    60  10    90  10    90  10   100  10     0  10
   13    2    75   8   100   8    12   8   100   8   100   8    87   8     0   8
   13    3    60  10    90  10    20  10    90  10   100  10    90  10     0  10
   13    4    66   9   100   9    22   9    88   9   100   9   100   9     0   9
   14    1    90  10    80  10    30  10   100  10   100  10   100  10     0  10
   14    2    80  10    70  10    60  10   100  10   100  10   100  10     0  10
   14    3   100  10    70  10    60  10   100  10    90  10   100  10     0  10
   14    4    70  10    90  10    60  10   100  10   100  10   100  10     0  10
   15    1   100  10    90  10    80  10    90  10   100  10   100  10     0  10
   15    2   100  10    90  10    70  10    90  10   100  10   100  10    10  10
   15    3    90  10    80  10    80  10    90  10   100  10   100  10     0  10
   15    4    80  10   100  10    80  10   100  10    90  10   100  10     0  10
   16    1    60  10    90  10    50  10   100  10   100  10   100  10     0  10
   16    2    40  10    80  10    60  10   100  10   100  10    90  10     0  10
   16    3    20  10   100  10    60  10   100  10   100  10   100  10     0  10
   16    4    44   9   100   9    66   9   100   9   100   9   100   9     0   9
   17    1    60  10   100  10    70  10   100  10   100  10   100  10     0  10
   17    2    70  10   100  10    50  10    70  10    90  10   100  10     0  10
   17    3    80  10    90  10    60  10   100  10    80  10   100  10     0  10
   17    4    88   9    77   9    55   9    77   9   100   9   100   9     0   9
   18    1    71   7    42   7    42   7    57   7    71   7   100   7     0   7
   18    2    50  10    60  10    50  10    80  10    80  10   100  10     0  10
   18    3    42   7    71   7    28   7    85   7    85   7   100   7     0   7
   18    4    50  12    66  12    25  12    66  12    83  12   100  12     0  12
   19    1    70  10    90  10    50  10   100  10   100  10   100  10     0  10
   19    2    80  10    90  10    70  10    90  10    90  10    90  10     0  10
   19    3   100   9    88   9    66   9   100   9   100   9   100   9    11   9
   19    4    90  10   100  10    70  10   100  10   100  10   100  10    10  10
   20    1    77   9   100   9   100   9   100   9   100   9   100   9     0   9
   20    2   100  10    90  10    70  10    90  10   100  10   100  10     0  10
   20    3    88   9    88   9    77   9   100   9   100   9   100   9     0   9
   20    4    50   8   100   8    37   8   100   8   100   8   100   8     0   8
   21    1   100  10    90  10    90  10   100  10   100  10   100  10     0  10
   21    2    90  10    90  10    60  10   100  10   100  10   100  10     0  10
   21    3    88   9   100   9    55   9   100   9   100   9   100   9     0   9
   21    4    90  10   100  10    80  10   100  10   100  10   100  10     0  10
   22    1    70  10   100   9    44   9    88   9    88   9   100   9     0   9
   22    2    70  10    80  10    40  10   100  10   100  10   100  10     0  10
   22    3    85   7    85   7    28   7   100   7   100   7   100   7     0   7
   22    4    46  13   100  13    38  13   100  13    92  13   100  13     0  13
   23    1   100  10    70  10    90  10   100  10    90  10   100  10     0  10
   23    2   100   8   100   8    37   8   100   8   100   8   100   8     0   8
   23    3    77   9   100   9    77   9   100   9    88   9   100   9     0   9
   23    4   100  10    90  10    60  10    90  10    90  10   100  10    10  10
   24    1    80  10   100  10    70  10   100  10   100  10   100  10     0  10
   24    2    80  10    90  10    60  10   100  10   100  10   100  10     0  10
   24    3    90  10   100  10    80  10    90  10   100  10   100  10     0  10
   24    4    90  10    90  10    30  10   100  10   100  10   100  10     0  10
   25    1    80  10   100   9    88   9   100   9   100   9   100   9     0   9
   25    2    55   9   100   9    88   9   100   9   100   9   100   9     0   9
   25    3    85   7    85   7   100   7   100   7   100   7   100   7     0   7
   25    4    90  11   100  11    81  11   100  11   100  11   100  11     0  11
   26    1    90  10    80  10    70  10   100  10   100  10   100  10     0  10
   26    2    70  10   100  10    80  10   100  10   100  10   100  10     0  10
   26    3    90  10    80  10    80  10   100  10   100  10   100  10     0  10
   26    4    80  10    90  10    40  10    90  10   100  10   100  10     0  10
   27    1   100   9   100   9    66   9   100   9    88   9   100   9     0   9
   27    2    85   7    28   7    85   7   100   7   100   7   100   7     0   7
   27    3    90  10    80  10    90  10   100  10   100  10   100  10     0  10
   27    4   100   8    62   8    37   8    87   8   100   8   100   8     0   8
   28    1    80  10    90  10    50  10   100  10   100  10   100  10     0  10
   28    2   100  10    90  10    40  10    90  10   100  10   100  10     0  10
   28    3    80  10   100  10    30  10   100  10   100  10   100  10     0  10
   28    4    77   9    88   9    55   9    88   9    88   9   100   9    11   9
   29    1    80  10   100   9    66   9    88   9   100   9   100   9     0   9
   29    2    90  10   100  10    70  10   100  10   100  10   100  10     0  10
   29    3    85   7   100   7    57   7   100   7    85   7   100   7     0   7
   29    4    84  13    76  13    61  13    84  13    92  13   100  13     0  13
   30    1   100   9    88   9    66   9   100   9   100   9   100   9     0   9
   30    2    88   9    77   9    88   9   100   9   100   9   100   9     0   9
   30    3   100   9    77   9    88   9   100   9   100   9   100   9     0   9
   30    4   100  10    90  10    80  10   100  10   100  10   100  10     0  10
   31    1   100  10    90  10    70  10   100  10   100  10   100  10     0  10
   31    2    90  10   100  10    70  10   100  10   100  10   100  10     0  10
   31    3   100   8    87   8   100   8   100   8   100   8   100   8     0   8
   31    4    66   9    77   9    55   9    88   9   100   9   100   9     0   9
   32    1    80  10    90  10    70  10   100  10    90  10   100  10     0  10
   32    2    90  10   100  10    60  10   100  10   100  10   100  10     0  10
   32    3    77   9   100   9    66   9   100   9   100   9    88   9     0   9
   32    4    88   9    77   9    66   9    88   9   100   9   100   9     0   9
   33    1    50   8    85   7    57   7    85   7   100   7   100   7     0   7
   33    2    40  10   100  10    50  10   100  10   100  10   100  10     0  10
   33    3    57   7   100   7    57   7   100   7    71   7   100   7     0   7
   33    4    63  11    90  11    36  11   100  11    90  11   100  11     9  11
   34    1    80  10    90  10    80  10   100  10   100  10   100  10     0  10
   34    2    80  10   100  10    90  10   100  10   100  10   100  10     0  10
   34    3   100  10    80  10    70  10   100  10   100  10   100  10     0  10
   34    4    90  10    70  10    70  10   100  10   100  10   100  10     0  10
   35    1    75   8   100   8    75   8   100   8   100   8   100   8     0   8
   35    2    50   8   100   8    75   8   100   8   100   8   100   8     0   8
   35    3    70  10   100  10    50  10   100  10   100  10   100  10     0  10
   35    4    90  10   100  10    70  10   100  10   100  10   100  10    10  10
   36    1    80  10    90  10    70  10    90  10    90  10   100  10     0  10
   36    2    77   9    88   9    44   9   100   9   100   9   100   9     0   9
   36    3    77   9   100   9    55   9   100   9   100   9   100   9     0   9
   36    4   100  10    90  10    60  10   100  10   100  10   100  10     0  10
   37    1    50   8    50   8    25   8    87   8   100   8   100   8     0   8
   37    2    50   8    62   8    25   8   100   8   100   8   100   8    12   8
   37    3    85   7    71   7    14   7   100   7   100   7   100   7    14   7
   37    4    44   9    66   9    11   9    88   9    77   9   100   9    11   9
   38    1    70  10   100  10    80  10   100  10   100  10   100  10    10  10
   38    2    77   9    77   9    55   9    88   9   100   9   100   9     0   9
   38    3    77   9   100   9    77   9   100   9   100   9   100   9     0   9
   38    4    80  10   100  10    90  10    90  10   100  10   100  10    10  10
   39    1    55   9   100   8    25   8    87   8    87   8    87   8     0   8
   39    2    62   8   100   8    37   8   100   8   100   8   100   8     0   8
   39    3    80   5   100   5    40   5   100   5   100   5    80   5     0   5
   39    4    40  10   100  10    40  10    90  10   100  10   100  10     0  10
   40    1    87   8    75   8    37   8   100   8    87   8   100   8     0   8
   40    2    90  10    90  10    50  10    90  10   100  10   100  10     0  10
   40    3    66   9   100   9    22   9   100   9   100   9   100   9     0   9
   40    4    80  10    90  10     0  10    90  10   100  10   100  10     0  10
   41    1    88   9   100   8    25   8   100   8   100   8   100   8     0   8
   41    2    77   9    88   9    55   9   100   9   100   9   100   9     0   9
   41    3   100   5   100   5    20   5    80   5   100   5   100   5     0   5
   41    4    90  11    90  11    45  11   100  11   100  11   100  11     0  11
   42    1   100  10   100  10    90  10   100  10   100  10   100  10    10  10
   42    2    90  10    80  10    40  10    90  10    90  10   100  10    20  10
   42    3    40  10    80  10    60  10   100  10    90  10   100  10     0  10
   42    4    70  10   100  10    70  10    90  10   100  10   100  10     0  10
