f181068b_processed 100 41 3 3 3145
f181068b_processed 100 11 3 3 2511
f181068b_processed 100 42 3 2 3310
f181068b_processed 100 43 3 2 2281
f181068b_processed 100 16 3 3 2641
f181068b_processed 100 44 3 2 3438
f181068b_processed 100 45 2 2 2458
f181068b_processed 100 21 3 3 2152
f181068b_processed 100 1 3 2 3120
f181068b_processed 100 46 3 3 4520
f181068b_processed 100 47 3 2 2123
f181068b_processed 100 33 2 2 2219
f181068b_processed 100 48 3 3 2000
f181068b_processed 100 17 2 2 2275
f181068b_processed 100 49 3 2 2493
f181068b_processed 100 50 3 3 3766
f181068b_processed 100 27 3 3 2821
f181068b_processed 100 51 3 3 2986
f181068b_processed 100 52 3 3 2356
f181068b_processed 100 14 3 3 2494
f181068b_processed 100 53 3 3 1993
f181068b_processed 100 23 3 3 2052
f181068b_processed 100 54 3 3 3020
f181068b_processed 100 32 3 3 2556
f181068b_processed 100 55 3 3 3254
f181068b_processed 100 56 3 3 2011
f181068b_processed 100 22 3 2 2169
f181068b_processed 100 57 3 2 2111
f181068b_processed 100 58 3 2 1724
f181068b_processed 100 8 3 2 1576
f181068b_processed 100 10 3 3 2064
f181068b_processed 100 59 2 2 3353
f181068b_processed 100 60 3 3 4567
f181068b_processed 100 31 3 3 2325
f181068b_processed 100 61 2 2 2348
f181068b_processed 100 62 3 3 3725
f181068b_processed 100 30 3 2 2302
f181068b_processed 100 63 3 3 3488
f181068b_processed 100 64 3 3 2684
f181068b_processed 100 35 3 3 3208
f181068b_processed 100 6 3 3 5342
f181068b_processed 100 65 3 2 2176
f181068b_processed 100 66 3 3 3823
f181068b_processed 100 26 3 3 3772
f181068b_processed 100 67 3 3 4240
f181068b_processed 100 68 3 3 3379
f181068b_processed 100 13 3 3 2220
f181068b_processed 100 69 3 3 3049
f181068b_processed 100 2 3 2 2137
f181068b_processed 100 70 3 2 2912
f181068b_processed 100 71 3 3 5682
f181068b_processed 100 38 3 3 2498
f181068b_processed 100 72 3 3 6189
f181068b_processed 100 19 3 3 3251
f181068b_processed 100 73 3 3 2028
f181068b_processed 100 74 3 3 2776
f181068b_processed 100 40 3 3 2044
f181068b_processed 100 75 2 2 3739
f181068b_processed 100 76 3 3 5472
f181068b_processed 100 4 3 3 2622
f181068b_processed 100 25 2 3 2005
f181068b_processed 100 77 3 3 3208
f181068b_processed 100 78 3 3 2871
f181068b_processed 100 36 3 3 4003
f181068b_processed 100 79 2 2 2718
f181068b_processed 100 80 2 2 2504
f181068b_processed 100 5 3 3 3972
f181068b_processed 100 81 2 2 4550
f181068b_processed 100 39 3 3 3174
f181068b_processed 100 82 2 2 2558
f181068b_processed 100 83 2 3 2521
f181068b_processed 100 18 3 3 1908
f181068b_processed 100 84 2 2 3383
f181068b_processed 100 20 3 3 2854
f181068b_processed 100 85 2 2 2674
f181068b_processed 100 7 3 3 2885
f181068b_processed 100 86 2 2 3453
f181068b_processed 100 87 2 2 2307
f181068b_processed 100 12 3 3 2178
f181068b_processed 100 88 2 2 2007
f181068b_processed 100 89 3 3 2699
f181068b_processed 100 37 3 3 2187
f181068b_processed 100 90 2 2 1969
f181068b_processed 100 15 3 3 2937
f181068b_processed 100 91 2 2 1849
f181068b_processed 100 92 2 2 2987
f181068b_processed 100 24 3 2 2275
f181068b_processed 100 93 2 2 3885
f181068b_processed 100 94 2 2 4092
f181068b_processed 100 34 3 3 2162
f181068b_processed 100 95 2 2 1499
f181068b_processed 100 9 3 3 3899
f181068b_processed 100 96 2 2 2396
f181068b_processed 100 3 3 3 2336
f181068b_processed 100 97 2 2 1901
f181068b_processed 100 98 3 3 3784
f181068b_processed 100 29 3 3 2202
f181068b_processed 100 99 3 3 2767
f181068b_processed 100 28 3 2 2718
f181068b_processed 100 100 3 3 2392
f181083_processed 100 41 3 3 2414
f181083_processed 100 12 3 3 2952
f181083_processed 100 42 3 3 2025
f181083_processed 100 43 3 3 2156
f181083_processed 100 15 3 3 2789
f181083_processed 100 44 3 3 1918
f181083_processed 100 45 2 2 2107
f181083_processed 100 22 3 3 2257
f181083_processed 100 2 3 3 3297
f181083_processed 100 46 3 3 2080
f181083_processed 100 47 3 3 1713
f181083_processed 100 34 3 2 2062
f181083_processed 100 48 3 3 2566
f181083_processed 100 18 3 3 1511
f181083_processed 100 49 3 2 3056
f181083_processed 100 50 3 3 1919
f181083_processed 100 28 3 2 1946
f181083_processed 100 51 3 3 1573
f181083_processed 100 52 3 3 2211
f181083_processed 100 13 3 3 1791
f181083_processed 100 53 3 3 1974
f181083_processed 100 24 3 3 1665
f181083_processed 100 54 3 2 3323
f181083_processed 100 31 3 3 1971
f181083_processed 100 55 3 3 1698
f181083_processed 100 56 3 3 1768
f181083_processed 100 21 3 3 1816
f181083_processed 100 57 3 3 1519
f181083_processed 100 58 3 2 2519
f181083_processed 100 7 3 3 3144
f181083_processed 100 9 3 3 3229
f181083_processed 100 59 2 2 2713
f181083_processed 100 60 3 3 3283
f181083_processed 100 32 3 3 2971
f181083_processed 100 61 2 2 2095
f181083_processed 100 62 3 3 1934
f181083_processed 100 29 3 3 1286
f181083_processed 100 63 3 3 2267
f181083_processed 100 64 3 3 1985
f181083_processed 100 36 3 3 1372
f181083_processed 100 5 3 3 1415
f181083_processed 100 65 3 3 2020
f181083_processed 100 66 3 3 2137
f181083_processed 100 25 3 2 2250
f181083_processed 100 67 3 3 1799
f181083_processed 100 68 3 3 1654
f181083_processed 100 14 3 3 1416
f181083_processed 100 69 3 3 2811
f181083_processed 100 1 2 2 2523
f181083_processed 100 70 3 3 1920
f181083_processed 100 71 3 2 3999
f181083_processed 100 37 3 3 1679
f181083_processed 100 72 3 2 1548
f181083_processed 100 20 3 3 1329
f181083_processed 100 73 3 3 1831
f181083_processed 100 74 3 3 1716
f181083_processed 100 39 3 2 1305
f181083_processed 100 75 2 3 2435
f181083_processed 100 76 3 3 1110
f181083_processed 100 3 3 3 1221
f181083_processed 100 26 3 3 1805
f181083_processed 100 77 3 2 2097
f181083_processed 100 78 3 2 2453
f181083_processed 100 35 3 3 3018
f181083_processed 100 79 2 2 2825
f181083_processed 100 80 2 2 1360
f181083_processed 100 6 3 3 1706
f181083_processed 100 81 2 2 2675
f181083_processed 100 40 3 3 1780
f181083_processed 100 82 2 2 1556
f181083_processed 100 83 2 2 1963
f181083_processed 100 17 2 2 1597
f181083_processed 100 84 2 3 2483
f181083_processed 100 19 3 3 1709
f181083_processed 100 85 2 2 1898
f181083_processed 100 8 3 3 2227
f181083_processed 100 86 2 2 1718
f181083_processed 100 87 2 2 1265
f181083_processed 100 11 3 3 1234
f181083_processed 100 88 2 2 1863
f181083_processed 100 89 3 3 1596
f181083_processed 100 38 3 3 1346
f181083_processed 100 90 2 2 2208
f181083_processed 100 16 3 3 1441
f181083_processed 100 91 2 2 1356
f181083_processed 100 92 2 2 1957
f181083_processed 100 23 3 3 1156
f181083_processed 100 93 2 2 1287
f181083_processed 100 94 2 3 1122
f181083_processed 100 33 2 2 1402
f181083_processed 100 95 2 2 1839
f181083_processed 100 10 3 3 1039
f181083_processed 100 96 2 2 1513
f181083_processed 100 4 3 3 1527
f181083_processed 100 97 2 2 1131
f181083_processed 100 98 3 3 2116
f181083_processed 100 30 3 3 1436
f181083_processed 100 99 3 3 1263
f181083_processed 100 27 3 3 1766
f181083_processed 100 100 3 3 1310
subj11_processed 100 41 3 3 3404
subj11_processed 100 11 3 2 2480
subj11_processed 100 42 3 3 2023
subj11_processed 100 43 3 3 1847
subj11_processed 100 16 3 3 2170
subj11_processed 100 44 3 3 1867
subj11_processed 100 45 2 2 1627
subj11_processed 100 21 3 3 1204
subj11_processed 100 1 3 3 1516
subj11_processed 100 46 3 3 1497
subj11_processed 100 47 3 3 2009
subj11_processed 100 33 2 2 1604
subj11_processed 100 48 3 3 1287
subj11_processed 100 17 2 2 1361
subj11_processed 100 49 3 3 2155
subj11_processed 100 50 3 3 1255
subj11_processed 100 27 3 3 1121
subj11_processed 100 51 3 3 1016
subj11_processed 100 52 3 3 1252
subj11_processed 100 14 3 3 1027
subj11_processed 100 53 3 3 1015
subj11_processed 100 23 3 3 1122
subj11_processed 100 54 3 3 1050
subj11_processed 100 32 3 3 1374
subj11_processed 100 55 3 3 1492
subj11_processed 100 56 3 3 1563
subj11_processed 100 22 3 3 1109
subj11_processed 100 57 3 2 1145
subj11_processed 100 58 3 3 1069
subj11_processed 100 8 3 3 2311
subj11_processed 100 10 3 3 1360
subj11_processed 100 59 2 2 1110
subj11_processed 100 60 3 3 1417
subj11_processed 100 31 3 3 1083
subj11_processed 100 61 2 2 1192
subj11_processed 100 62 3 3 1155
subj11_processed 100 30 3 3 1241
subj11_processed 100 63 3 3 1623
subj11_processed 100 64 3 3 1532
subj11_processed 100 35 3 3 1063
subj11_processed 100 6 3 3 1228
subj11_processed 100 65 3 3 2696
subj11_processed 100 66 3 3 1417
subj11_processed 100 26 3 3 1629
subj11_processed 100 67 3 3 1062
subj11_processed 100 68 3 3 1253
subj11_processed 100 13 3 3 1051
subj11_processed 100 69 3 3 1226
subj11_processed 100 2 3 3 1297
subj11_processed 100 70 3 3 1086
subj11_processed 100 71 3 3 1911
subj11_processed 100 38 3 3 1412
subj11_processed 100 72 3 2 5154
subj11_processed 100 19 3 3 1236
subj11_processed 100 73 3 3 1749
subj11_processed 100 74 3 3 1325
subj11_processed 100 40 3 3 1169
subj11_processed 100 75 2 2 1098
subj11_processed 100 76 3 3 2165
subj11_processed 100 4 3 3 1318
subj11_processed 100 25 2 2 1133
subj11_processed 100 77 3 3 1004
subj11_processed 100 78 3 2 991
subj11_processed 100 36 3 3 1152
subj11_processed 100 79 2 2 1063
subj11_processed 100 80 2 2 1274
subj11_processed 100 5 3 3 1004
subj11_processed 100 81 2 2 1075
subj11_processed 100 39 3 3 979
subj11_processed 100 82 2 2 933
subj11_processed 100 83 2 3 1652
subj11_processed 100 18 3 3 1086
subj11_processed 100 84 2 2 1121
subj11_processed 100 20 3 3 1003
subj11_processed 100 85 2 2 1063
subj11_processed 100 7 3 3 1038
subj11_processed 100 86 2 2 921
subj11_processed 100 87 2 3 2185
subj11_processed 100 12 3 3 910
subj11_processed 100 88 2 2 933
subj11_processed 100 89 3 3 1080
subj11_processed 100 37 3 3 981
subj11_processed 100 90 2 2 959
subj11_processed 100 15 3 3 945
subj11_processed 100 91 2 2 1001
subj11_processed 100 92 2 2 2304
subj11_processed 100 24 3 3 850
subj11_processed 100 93 2 2 1083
subj11_processed 100 94 2 2 1322
subj11_processed 100 34 3 3 1027
subj11_processed 100 95 2 2 909
subj11_processed 100 9 3 3 886
subj11_processed 100 96 2 2 909
subj11_processed 100 3 3 3 874
subj11_processed 100 97 2 2 1039
subj11_processed 100 98 3 3 1186
subj11_processed 100 29 3 3 945
subj11_processed 100 99 3 3 1319
subj11_processed 100 28 3 3 933
subj11_processed 100 100 3 3 1133
f181060_processed 100 41 3 3 2718
f181060_processed 100 11 3 3 3702
f181060_processed 100 42 3 3 2771
f181060_processed 100 43 3 3 4029
f181060_processed 100 16 3 3 2775
f181060_processed 100 44 3 3 2681
f181060_processed 100 45 2 2 2157
f181060_processed 100 21 3 3 1948
f181060_processed 100 1 3 3 4242
f181060_processed 100 46 3 3 1909
f181060_processed 100 47 3 3 3641
f181060_processed 100 33 2 2 2234
f181060_processed 100 48 3 3 2665
f181060_processed 100 17 2 2 2379
f181060_processed 100 49 3 3 2779
f181060_processed 100 50 3 3 2578
f181060_processed 100 27 3 3 1962
f181060_processed 100 51 3 3 3016
f181060_processed 100 52 3 3 2113
f181060_processed 100 14 3 3 2553
f181060_processed 100 53 3 3 3451
f181060_processed 100 23 3 3 2602
f181060_processed 100 54 3 3 3241
f181060_processed 100 32 3 3 2690
f181060_processed 100 55 3 3 1615
f181060_processed 100 56 3 3 2099
f181060_processed 100 22 3 3 1964
f181060_processed 100 57 3 3 2416
f181060_processed 100 58 3 2 2419
f181060_processed 100 8 3 3 2664
f181060_processed 100 10 3 3 2362
f181060_processed 100 59 2 2 4217
f181060_processed 100 60 3 3 1875
f181060_processed 100 31 3 3 2327
f181060_processed 100 61 2 2 2842
f181060_processed 100 62 3 3 2392
f181060_processed 100 30 3 3 2868
f181060_processed 100 63 3 3 1939
f181060_processed 100 64 3 3 1725
f181060_processed 100 35 3 3 2045
f181060_processed 100 6 3 3 2537
f181060_processed 100 65 3 3 2603
f181060_processed 100 66 3 3 2294
f181060_processed 100 26 3 3 2366
f181060_processed 100 67 3 3 1804
f181060_processed 100 68 3 3 1381
f181060_processed 100 13 3 3 1816
f181060_processed 100 69 3 3 2747
f181060_processed 100 2 3 3 3223
f181060_processed 100 70 3 3 2058
f181060_processed 100 71 3 3 2613
f181060_processed 100 38 3 3 1710
f181060_processed 100 72 3 3 4274
f181060_processed 100 19 3 3 3995
f181060_processed 100 73 3 3 2653
f181060_processed 100 74 3 3 1951
f181060_processed 100 40 3 3 2477
f181060_processed 100 75 2 2 2925
f181060_processed 100 76 3 3 2719
f181060_processed 100 4 3 3 1652
f181060_processed 100 25 2 3 4350
f181060_processed 100 77 3 3 5149
f181060_processed 100 78 3 2 4160
f181060_processed 100 36 3 3 1850
f181060_processed 100 79 2 2 1665
f181060_processed 100 80 2 2 2993
f181060_processed 100 5 3 3 1711
f181060_processed 100 81 2 2 2884
f181060_processed 100 39 3 3 3049
f181060_processed 100 82 2 2 2004
f181060_processed 100 83 2 3 6040
f181060_processed 100 18 3 3 2570
f181060_processed 100 84 2 2 1887
f181060_processed 100 20 3 3 2271
f181060_processed 100 85 2 2 2654
f181060_processed 100 7 3 3 2207
f181060_processed 100 86 2 2 1639
f181060_processed 100 87 2 2 3025
f181060_processed 100 12 3 3 1925
f181060_processed 100 88 2 2 1666
f181060_processed 100 89 3 3 1663
f181060_processed 100 37 3 3 1617
f181060_processed 100 90 2 2 3231
f181060_processed 100 15 3 3 2318
f181060_processed 100 91 2 2 1643
f181060_processed 100 92 2 2 1816
f181060_processed 100 24 3 3 1774
f181060_processed 100 93 2 2 2493
f181060_processed 100 94 2 2 2572
f181060_processed 100 34 3 3 1638
f181060_processed 100 95 2 2 2886
f181060_processed 100 9 3 3 4072
f181060_processed 100 96 2 2 2034
f181060_processed 100 3 3 3 2043
f181060_processed 100 97 2 2 2197
f181060_processed 100 98 3 3 1672
f181060_processed 100 29 3 3 3254
f181060_processed 100 99 3 3 2010
f181060_processed 100 28 3 3 1797
f181060_processed 100 100 3 3 2226
f181059_processed 100 41 3 3 3086
f181059_processed 100 12 3 3 2888
f181059_processed 100 42 3 3 37095
f181059_processed 100 43 3 3 2700
f181059_processed 100 15 3 3 1877
f181059_processed 100 44 3 3 2271
f181059_processed 100 45 2 2 13251
f181059_processed 100 22 3 3 3683
f181059_processed 100 2 3 2 5270
f181059_processed 100 46 3 3 2809
f181059_processed 100 47 3 3 3014
f181059_processed 100 34 3 3 5515
f181059_processed 100 48 3 3 1723
f181059_processed 100 18 3 3 1814
f181059_processed 100 49 3 2 2877
f181059_processed 100 50 3 3 1939
f181059_processed 100 28 3 2 2598
f181059_processed 100 51 3 3 1607
f181059_processed 100 52 3 3 3457
f181059_processed 100 13 3 3 2815
f181059_processed 100 53 3 3 2751
f181059_processed 100 24 3 3 4232
f181059_processed 100 54 3 3 1965
f181059_processed 100 31 3 3 5919
f181059_processed 100 55 3 3 2580
f181059_processed 100 56 3 3 1735
f181059_processed 100 21 3 3 2883
f181059_processed 100 57 3 3 4243
f181059_processed 100 58 3 2 1991
f181059_processed 100 7 3 3 2013
f181059_processed 100 9 3 2 2098
f181059_processed 100 59 2 2 1860
f181059_processed 100 60 3 3 1987
f181059_processed 100 32 3 2 3185
f181059_processed 100 61 2 2 2303
f181059_processed 100 62 3 3 2264
f181059_processed 100 29 3 3 1717
f181059_processed 100 63 3 3 1608
f181059_processed 100 64 3 3 2362
f181059_processed 100 36 3 3 1534
f181059_processed 100 5 3 3 2305
f181059_processed 100 65 3 3 2443
f181059_processed 100 66 3 3 1488
f181059_processed 100 25 3 3 1932
f181059_processed 100 67 3 3 1454
f181059_processed 100 68 3 2 1894
f181059_processed 100 14 3 3 1277
f181059_processed 100 69 3 3 1544
f181059_processed 100 1 2 2 1325
f181059_processed 100 70 3 3 1737
f181059_processed 100 71 3 3 2263
f181059_processed 100 37 3 3 2248
f181059_processed 100 72 3 2 3575
f181059_processed 100 20 3 3 2625
f181059_processed 100 73 3 3 2329
f181059_processed 100 74 3 3 1684
f181059_processed 100 39 3 3 2009
f181059_processed 100 75 2 2 2117
f181059_processed 100 76 3 3 1576
f181059_processed 100 3 3 3 1817
f181059_processed 100 26 3 3 1829
f181059_processed 100 77 3 3 3468
f181059_processed 100 78 3 2 1461
f181059_processed 100 35 3 3 1724
f181059_processed 100 79 2 2 1957
f181059_processed 100 80 2 2 1852
f181059_processed 100 6 3 3 1562
f181059_processed 100 81 2 2 1944
f181059_processed 100 40 3 3 1701
f181059_processed 100 82 2 2 1392
f181059_processed 100 83 2 2 1675
f181059_processed 100 17 2 2 1850
f181059_processed 100 84 2 2 2099
f181059_processed 100 19 3 3 1950
f181059_processed 100 85 2 2 1725
f181059_processed 100 8 3 2 2817
f181059_processed 100 86 2 2 1557
f181059_processed 100 87 2 2 1469
f181059_processed 100 11 3 3 1121
f181059_processed 100 88 2 2 1671
f181059_processed 100 89 3 3 1444
f181059_processed 100 38 3 3 1774
f181059_processed 100 90 2 2 1330
f181059_processed 100 16 3 3 1435
f181059_processed 100 91 2 2 1500
f181059_processed 100 92 2 2 2157
f181059_processed 100 23 3 3 1585
f181059_processed 100 93 2 2 1783
f181059_processed 100 94 2 2 1866
f181059_processed 100 33 2 2 1687
f181059_processed 100 95 2 2 1285
f181059_processed 100 10 3 3 1491
f181059_processed 100 96 2 2 1322
f181059_processed 100 4 3 3 1500
f181059_processed 100 97 2 2 1299
f181059_processed 100 98 3 3 1591
f181059_processed 100 30 3 3 2062
f181059_processed 100 99 3 3 2035
f181059_processed 100 27 3 3 1690
f181059_processed 100 100 3 3 1514
f181067_processed 100 41 3 3 2170
f181067_processed 100 12 3 3 2250
f181067_processed 100 42 3 3 2267
f181067_processed 100 43 3 3 3438
f181067_processed 100 15 3 3 4181
f181067_processed 100 44 3 3 3134
f181067_processed 100 45 2 2 2206
f181067_processed 100 22 3 3 2563
f181067_processed 100 2 3 3 2283
f181067_processed 100 46 3 3 5285
f181067_processed 100 47 3 3 4599
f181067_processed 100 34 3 3 4063
f181067_processed 100 48 3 3 1583
f181067_processed 100 18 3 3 1734
f181067_processed 100 49 3 3 2491
f181067_processed 100 50 3 3 3317
f181067_processed 100 28 3 3 5424
f181067_processed 100 51 3 3 4233
f181067_processed 100 52 3 3 3746
f181067_processed 100 13 3 3 4223
f181067_processed 100 53 3 3 2523
f181067_processed 100 24 3 3 1863
f181067_processed 100 54 3 3 7063
f181067_processed 100 31 3 3 2699
f181067_processed 100 55 3 3 5872
f181067_processed 100 56 3 3 2873
f181067_processed 100 21 3 3 6361
f181067_processed 100 57 3 3 2403
f181067_processed 100 58 3 2 2498
f181067_processed 100 7 3 3 3244
f181067_processed 100 9 3 3 2265
f181067_processed 100 59 2 2 2107
f181067_processed 100 60 3 3 2386
f181067_processed 100 32 3 2 6353
f181067_processed 100 61 2 2 2310
f181067_processed 100 62 3 3 1145
f181067_processed 100 29 3 3 1469
f181067_processed 100 63 3 3 2401
f181067_processed 100 64 3 3 2499
f181067_processed 100 36 3 3 1275
f181067_processed 100 5 3 3 2214
f181067_processed 100 65 3 3 1288
f181067_processed 100 66 3 3 2287
f181067_processed 100 25 3 3 2723
f181067_processed 100 67 3 3 6444
f181067_processed 100 68 3 3 1733
f181067_processed 100 14 3 3 3054
f181067_processed 100 69 3 3 2813
f181067_processed 100 1 2 2 1425
f181067_processed 100 70 3 3 1192
f181067_processed 100 71 3 3 3893
f181067_processed 100 37 3 3 1805
f181067_processed 100 72 3 2 9036
f181067_processed 100 20 3 3 1380
f181067_processed 100 73 3 3 2405
f181067_processed 100 74 3 3 2122
f181067_processed 100 39 3 3 1948
f181067_processed 100 75 2 2 1837
f181067_processed 100 76 3 3 2123
f181067_processed 100 3 3 3 4721
f181067_processed 100 26 3 3 2911
f181067_processed 100 77 3 3 3159
f181067_processed 100 78 3 3 2016
f181067_processed 100 35 3 3 1751
f181067_processed 100 79 2 2 1641
f181067_processed 100 80 2 2 1297
f181067_processed 100 6 3 3 1381
f181067_processed 100 81 2 2 2252
f181067_processed 100 40 3 3 1216
f181067_processed 100 82 2 2 1285
f181067_processed 100 83 2 2 4693
f181067_processed 100 17 2 2 1674
f181067_processed 100 84 2 2 1375
f181067_processed 100 19 3 3 1463
f181067_processed 100 85 2 2 1457
f181067_processed 100 8 3 3 1087
f181067_processed 100 86 2 2 2111
f181067_processed 100 87 2 2 1121
f181067_processed 100 11 3 3 4212
f181067_processed 100 88 2 2 1262
f181067_processed 100 89 3 3 2501
f181067_processed 100 38 3 3 3383
f181067_processed 100 90 2 2 1812
f181067_processed 100 16 3 3 3710
f181067_processed 100 91 2 2 1946
f181067_processed 100 92 2 3 2465
f181067_processed 100 23 3 3 2996
f181067_processed 100 93 2 2 1439
f181067_processed 100 94 2 3 2243
f181067_processed 100 33 2 2 1439
f181067_processed 100 95 2 2 1486
f181067_processed 100 10 3 3 1110
f181067_processed 100 96 2 2 1133
f181067_processed 100 4 3 3 1957
f181067_processed 100 97 2 2 1403
f181067_processed 100 98 3 3 1427
f181067_processed 100 30 3 3 5801
f181067_processed 100 99 3 3 2005
f181067_processed 100 27 3 3 1062
f181067_processed 100 100 3 3 2022
f181084_processed 100 41 3 3 3382
f181084_processed 100 11 3 3 2442
f181084_processed 100 42 3 3 2487
f181084_processed 100 43 3 3 1643
f181084_processed 100 16 3 3 1943
f181084_processed 100 44 3 3 2727
f181084_processed 100 45 2 2 2148
f181084_processed 100 21 3 3 2108
f181084_processed 100 1 3 2 2386
f181084_processed 100 46 3 3 2636
f181084_processed 100 47 3 3 1901
f181084_processed 100 33 2 2 2387
f181084_processed 100 48 3 3 2071
f181084_processed 100 17 2 2 2156
f181084_processed 100 49 3 3 1945
f181084_processed 100 50 3 3 2288
f181084_processed 100 27 3 3 1714
f181084_processed 100 51 3 3 1222
f181084_processed 100 52 3 3 3914
f181084_processed 100 14 3 3 1881
f181084_processed 100 53 3 3 1542
f181084_processed 100 23 3 3 1399
f181084_processed 100 54 3 3 1147
f181084_processed 100 32 3 3 1548
f181084_processed 100 55 3 3 1714
f181084_processed 100 56 3 3 1619
f181084_processed 100 22 3 3 1701
f181084_processed 100 57 3 3 1697
f181084_processed 100 58 3 3 2184
f181084_processed 100 8 3 3 1551
f181084_processed 100 10 3 3 1754
f181084_processed 100 59 2 2 2919
f181084_processed 100 60 3 3 1592
f181084_processed 100 31 3 3 1593
f181084_processed 100 61 2 2 2306
f181084_processed 100 62 3 3 1772
f181084_processed 100 30 3 2 2353
f181084_processed 100 63 3 3 2411
f181084_processed 100 64 3 3 2178
f181084_processed 100 35 3 3 1739
f181084_processed 100 6 3 3 1325
f181084_processed 100 65 3 3 2203
f181084_processed 100 66 3 3 1272
f181084_processed 100 26 3 3 2433
f181084_processed 100 67 3 3 1227
f181084_processed 100 68 3 3 1148
f181084_processed 100 13 3 3 1309
f181084_processed 100 69 3 3 1327
f181084_processed 100 2 3 3 1746
f181084_processed 100 70 3 3 1442
f181084_processed 100 71 3 3 1598
f181084_processed 100 38 3 3 1923
f181084_processed 100 72 3 3 1542
f181084_processed 100 19 3 3 1192
f181084_processed 100 73 3 3 1286
f181084_processed 100 74 3 3 1305
f181084_processed 100 40 3 3 1397
f181084_processed 100 75 2 2 1868
f181084_processed 100 76 3 3 1690
f181084_processed 100 4 3 3 1408
f181084_processed 100 25 2 3 1704
f181084_processed 100 77 3 3 1515
f181084_processed 100 78 3 2 1857
f181084_processed 100 36 3 3 1199
f181084_processed 100 79 2 2 2243
f181084_processed 100 80 2 2 1413
f181084_processed 100 5 3 3 1547
f181084_processed 100 81 2 2 2242
f181084_processed 100 39 3 3 1626
f181084_processed 100 82 2 2 2871
f181084_processed 100 83 2 2 2191
f181084_processed 100 18 3 3 1420
f181084_processed 100 84 2 2 2227
f181084_processed 100 20 3 3 1319
f181084_processed 100 85 2 2 1664
f181084_processed 100 7 3 3 1844
f181084_processed 100 86 2 2 2280
f181084_processed 100 87 2 2 1408
f181084_processed 100 12 3 3 1207
f181084_processed 100 88 2 2 1948
f181084_processed 100 89 3 3 1691
f181084_processed 100 37 3 3 2608
f181084_processed 100 90 2 2 1626
f181084_processed 100 15 3 3 1806
f181084_processed 100 91 2 2 1193
f181084_processed 100 92 2 2 1229
f181084_processed 100 24 3 3 1168
f181084_processed 100 93 2 2 1976
f181084_processed 100 94 2 2 1712
f181084_processed 100 34 3 3 1490
f181084_processed 100 95 2 2 1575
f181084_processed 100 9 3 3 1855
f181084_processed 100 96 2 2 1158
f181084_processed 100 3 3 3 1535
f181084_processed 100 97 2 2 2450
f181084_processed 100 98 3 3 1375
f181084_processed 100 29 3 3 1990
f181084_processed 100 99 3 3 1371
f181084_processed 100 28 3 2 1432
f181084_processed 100 100 3 3 1192
f181075_processed 100 41 3 3 2494
f181075_processed 100 12 3 3 2782
f181075_processed 100 42 3 3 2723
f181075_processed 100 43 3 3 7539
f181075_processed 100 15 3 3 2190
f181075_processed 100 44 3 3 2369
f181075_processed 100 45 2 3 2201
f181075_processed 100 22 3 3 2801
f181075_processed 100 2 3 3 2412
f181075_processed 100 46 3 3 2546
f181075_processed 100 47 3 3 4932
f181075_processed 100 34 3 3 2894
f181075_processed 100 48 3 3 2135
f181075_processed 100 18 3 3 3368
f181075_processed 100 49 3 3 2315
f181075_processed 100 50 3 3 2760
f181075_processed 100 28 3 2 5479
f181075_processed 100 51 3 3 1985
f181075_processed 100 52 3 3 1947
f181075_processed 100 13 3 3 3996
f181075_processed 100 53 3 3 1948
f181075_processed 100 24 3 3 1715
f181075_processed 100 54 3 3 4167
f181075_processed 100 31 3 3 2547
f181075_processed 100 55 3 3 4685
f181075_processed 100 56 3 3 2059
f181075_processed 100 21 3 3 1906
f181075_processed 100 57 3 3 4553
f181075_processed 100 58 3 2 2201
f181075_processed 100 7 3 3 2109
f181075_processed 100 9 3 3 2034
f181075_processed 100 59 2 2 2188
f181075_processed 100 60 3 3 1983
f181075_processed 100 32 3 3 1937
f181075_processed 100 61 2 2 2973
f181075_processed 100 62 3 3 11611
f181075_processed 100 29 3 2 2380
f181075_processed 100 63 3 3 3457
f181075_processed 100 64 3 3 1771
f181075_processed 100 36 3 3 2393
f181075_processed 100 5 3 3 3618
f181075_processed 100 65 3 3 2734
f181075_processed 100 66 3 3 1679
f181075_processed 100 25 3 3 2521
f181075_processed 100 67 3 3 2488
f181075_processed 100 68 3 3 3756
f181075_processed 100 14 3 3 3265
f181075_processed 100 69 3 3 3679
f181075_processed 100 1 2 2 2179
f181075_processed 100 70 3 3 2925
f181075_processed 100 71 3 3 2237
f181075_processed 100 37 3 3 2608
f181075_processed 100 72 3 3 3782
f181075_processed 100 20 3 2 1816
f181075_processed 100 73 3 3 2643
f181075_processed 100 74 3 3 3430
f181075_processed 100 39 3 3 1853
f181075_processed 100 75 2 3 2419
f181075_processed 100 76 3 3 1464
f181075_processed 100 3 3 3 1875
f181075_processed 100 26 3 3 3088
f181075_processed 100 77 3 3 2195
f181075_processed 100 78 3 2 2238
f181075_processed 100 35 3 3 1488
f181075_processed 100 79 2 2 2813
f181075_processed 100 80 2 2 2046
f181075_processed 100 6 3 3 5248
f181075_processed 100 81 2 2 1687
f181075_processed 100 40 3 3 2653
f181075_processed 100 82 2 2 2312
f181075_processed 100 83 2 2 2794
f181075_processed 100 17 2 2 2215
f181075_processed 100 84 2 2 2433
f181075_processed 100 19 3 3 1898
f181075_processed 100 85 2 2 2886
f181075_processed 100 8 3 3 2197
f181075_processed 100 86 2 2 1816
f181075_processed 100 87 2 2 2715
f181075_processed 100 11 3 3 3143
f181075_processed 100 88 2 2 2637
f181075_processed 100 89 3 3 3273
f181075_processed 100 38 3 3 1723
f181075_processed 100 90 2 2 1957
f181075_processed 100 16 3 3 1983
f181075_processed 100 91 2 2 1808
f181075_processed 100 92 2 2 2519
f181075_processed 100 23 3 3 2053
f181075_processed 100 93 2 2 2339
f181075_processed 100 94 2 2 1540
f181075_processed 100 33 2 2 2065
f181075_processed 100 95 2 2 1986
f181075_processed 100 10 3 3 2369
f181075_processed 100 96 2 2 1156
f181075_processed 100 4 3 3 1959
f181075_processed 100 97 2 2 2369
f181075_processed 100 98 3 3 1503
f181075_processed 100 30 3 3 2613
f181075_processed 100 99 3 3 2193
f181075_processed 100 27 3 2 2015
f181075_processed 100 100 3 3 1431
f181050_all_processed 100 41 3 3 2602
f181050_all_processed 100 12 3 3 5043
f181050_all_processed 100 42 3 3 4637
f181050_all_processed 100 43 3 3 1998
f181050_all_processed 100 15 3 3 2066
f181050_all_processed 100 44 3 3 2832
f181050_all_processed 100 45 2 2 1758
f181050_all_processed 100 22 3 3 4159
f181050_all_processed 100 2 3 3 5367
f181050_all_processed 100 46 3 3 5319
f181050_all_processed 100 47 3 3 1624
f181050_all_processed 100 34 3 3 2327
f181050_all_processed 100 48 3 3 1628
f181050_all_processed 100 18 3 3 1557
f181050_all_processed 100 49 3 3 1908
f181050_all_processed 100 50 3 3 1630
f181050_all_processed 100 28 3 3 5258
f181050_all_processed 100 51 3 3 1558
f181050_all_processed 100 52 3 3 1404
f181050_all_processed 100 13 3 3 2111
f181050_all_processed 100 53 3 3 1757
f181050_all_processed 100 24 3 3 1749
f181050_all_processed 100 54 3 3 1498
f181050_all_processed 100 31 3 3 2191
f181050_all_processed 100 55 3 3 1651
f181050_all_processed 100 56 3 3 1664
f181050_all_processed 100 21 3 3 1498
f181050_all_processed 100 57 3 3 1840
f181050_all_processed 100 58 3 3 2609
f181050_all_processed 100 7 3 3 2416
f181050_all_processed 100 9 3 3 1522
f181050_all_processed 100 59 2 2 2755
f181050_all_processed 100 60 3 3 2233
f181050_all_processed 100 32 3 3 1463
f181050_all_processed 100 61 2 2 1746
f181050_all_processed 100 62 3 3 1215
f181050_all_processed 100 29 3 3 1186
f181050_all_processed 100 63 3 3 2118
f181050_all_processed 100 64 3 3 1274
f181050_all_processed 100 36 3 3 1015
f181050_all_processed 100 5 3 3 1191
f181050_all_processed 100 65 3 3 1545
f181050_all_processed 100 66 3 3 1062
f181050_all_processed 100 25 3 3 1992
f181050_all_processed 100 67 3 3 1098
f181050_all_processed 100 68 3 3 1986
f181050_all_processed 100 14 3 3 2099
f181050_all_processed 100 69 3 3 1263
f181050_all_processed 100 1 2 2 1451
f181050_all_processed 100 70 3 3 1902
f181050_all_processed 100 71 3 3 2296
f181050_all_processed 100 37 3 3 1085
f181050_all_processed 100 72 3 3 6620
f181050_all_processed 100 20 3 3 1575
f181050_all_processed 100 73 3 3 2175
f181050_all_processed 100 74 3 3 1652
f181050_all_processed 100 39 3 3 1828
f181050_all_processed 100 75 2 2 1828
f181050_all_processed 100 76 3 3 2277
f181050_all_processed 100 3 3 3 1262
f181050_all_processed 100 26 3 3 1309
f181050_all_processed 100 77 3 3 1227
f181050_all_processed 100 78 3 2 2726
f181050_all_processed 100 35 3 3 1133
f181050_all_processed 100 79 2 2 1557
f181050_all_processed 100 80 2 2 5086
f181050_all_processed 100 6 3 3 1718
f181050_all_processed 100 81 2 2 1451
f181050_all_processed 100 40 3 3 1840
f181050_all_processed 100 82 2 2 1781
f181050_all_processed 100 83 2 2 1463
f181050_all_processed 100 17 2 2 1321
f181050_all_processed 100 84 2 2 1335
f181050_all_processed 100 19 3 3 1923
f181050_all_processed 100 85 2 2 1828
f181050_all_processed 100 8 3 3 1144
f181050_all_processed 100 86 2 2 2375
f181050_all_processed 100 87 2 2 1227
f181050_all_processed 100 11 3 3 1015
f181050_all_processed 100 88 2 2 1322
f181050_all_processed 100 89 3 2 10652
f181050_all_processed 100 38 3 3 1373
f181050_all_processed 100 90 2 2 1133
f181050_all_processed 100 16 3 3 1038
f181050_all_processed 100 91 2 2 1380
f181050_all_processed 100 92 2 2 1228
f181050_all_processed 100 23 3 3 1121
f181050_all_processed 100 93 2 2 1982
f181050_all_processed 100 94 2 2 1533
f181050_all_processed 100 33 2 2 1192
f181050_all_processed 100 95 2 2 1239
f181050_all_processed 100 10 3 3 1109
f181050_all_processed 100 96 2 2 1016
f181050_all_processed 100 4 3 3 1004
f181050_all_processed 100 97 2 2 1145
f181050_all_processed 100 98 3 3 1526
f181050_all_processed 100 30 3 3 1295
f181050_all_processed 100 99 3 3 1568
f181050_all_processed 100 27 3 3 1197
f181050_all_processed 100 100 3 3 1250
f181076_processed 100 41 3 3 2396
f181076_processed 100 11 3 3 2811
f181076_processed 100 42 3 3 3759
f181076_processed 100 43 3 3 2202
f181076_processed 100 16 3 3 4125
f181076_processed 100 44 3 2 2862
f181076_processed 100 45 2 2 5633
f181076_processed 100 21 3 3 5220
f181076_processed 100 1 3 3 3195
f181076_processed 100 46 3 3 2427
f181076_processed 100 47 3 3 4459
f181076_processed 100 33 2 2 3389
f181076_processed 100 48 3 3 1604
f181076_processed 100 17 2 2 2947
f181076_processed 100 49 3 2 2928
f181076_processed 100 50 3 3 1890
f181076_processed 100 27 3 3 5617
f181076_processed 100 51 3 3 3522
f181076_processed 100 52 3 3 2228
f181076_processed 100 14 3 3 6134
f181076_processed 100 53 3 3 3017
f181076_processed 100 23 3 3 3653
f181076_processed 100 54 3 3 3201
f181076_processed 100 32 3 3 8225
f181076_processed 100 55 3 2 3764
f181076_processed 100 56 3 3 2320
f181076_processed 100 22 3 2 2596
f181076_processed 100 57 3 3 4307
f181076_processed 100 58 3 3 12237
f181076_processed 100 8 3 3 1722
f181076_processed 100 10 3 3 3032
f181076_processed 100 59 2 3 2285
f181076_processed 100 60 3 3 22889
f181076_processed 100 31 3 3 1150
f181076_processed 100 61 2 3 3236
f181076_processed 100 62 3 3 2561
f181076_processed 100 30 3 2 2224
f181076_processed 100 63 3 3 1928
f181076_processed 100 64 3 3 2032
f181076_processed 100 35 3 3 1157
f181076_processed 100 6 3 3 2365
f181076_processed 100 65 3 3 3771
f181076_processed 100 66 3 3 2005
f181076_processed 100 26 3 3 3864
f181076_processed 100 67 3 3 3725
f181076_processed 100 68 3 3 2060
f181076_processed 100 13 3 3 2656
f181076_processed 100 69 3 3 1908
f181076_processed 100 2 3 3 2404
f181076_processed 100 70 3 3 1618
f181076_processed 100 71 3 2 3781
f181076_processed 100 38 3 3 2686
f181076_processed 100 72 3 3 4285
f181076_processed 100 19 3 3 4985
f181076_processed 100 73 3 2 4072
f181076_processed 100 74 3 3 3628
f181076_processed 100 40 3 3 1968
f181076_processed 100 75 2 3 6993
f181076_processed 100 76 3 3 2526
f181076_processed 100 4 3 2 2028
f181076_processed 100 25 2 3 1734
f181076_processed 100 77 3 2 2695
f181076_processed 100 78 3 3 2929
f181076_processed 100 36 3 3 3323
f181076_processed 100 79 2 2 1748
f181076_processed 100 80 2 2 2322
f181076_processed 100 5 3 3 2607
f181076_processed 100 81 2 2 1689
f181076_processed 100 39 3 3 1955
f181076_processed 100 82 2 2 3564
f181076_processed 100 83 2 2 3541
f181076_processed 100 18 3 3 2876
f181076_processed 100 84 2 2 3343
f181076_processed 100 20 3 3 1298
f181076_processed 100 85 2 2 4285
f181076_processed 100 7 3 3 2085
f181076_processed 100 86 2 3 2862
f181076_processed 100 87 2 3 4546
f181076_processed 100 12 3 2 1374
f181076_processed 100 88 2 2 3792
f181076_processed 100 89 3 3 2813
f181076_processed 100 37 3 3 1593
f181076_processed 100 90 2 2 2500
f181076_processed 100 15 3 3 1658
f181076_processed 100 91 2 2 2618
f181076_processed 100 92 2 2 2114
f181076_processed 100 24 3 3 2012
f181076_processed 100 93 2 2 2127
f181076_processed 100 94 2 3 2698
f181076_processed 100 34 3 3 2481
f181076_processed 100 95 2 2 2427
f181076_processed 100 9 3 3 3926
f181076_processed 100 96 2 2 2227
f181076_processed 100 3 3 3 6818
f181076_processed 100 97 2 3 6010
f181076_processed 100 98 3 3 2590
f181076_processed 100 29 3 2 4241
f181076_processed 100 99 3 3 2948
f181076_processed 100 28 3 2 2080
f181076_processed 100 100 3 3 4280
subj10_processed 100 41 3 3 3391
subj10_processed 100 12 3 2 4173
subj10_processed 100 42 3 3 2392
subj10_processed 100 43 3 3 3420
subj10_processed 100 15 3 3 2706
subj10_processed 100 44 3 2 3477
subj10_processed 100 45 2 3 2971
subj10_processed 100 22 3 3 2462
subj10_processed 100 2 3 3 2011
subj10_processed 100 46 3 3 1893
subj10_processed 100 47 3 3 2623
subj10_processed 100 34 3 3 4242
subj10_processed 100 48 3 3 2321
subj10_processed 100 18 3 3 2831
subj10_processed 100 49 3 2 8238
subj10_processed 100 50 3 3 2464
subj10_processed 100 28 3 3 4763
subj10_processed 100 51 3 3 1545
subj10_processed 100 52 3 3 1783
subj10_processed 100 13 3 3 1335
subj10_processed 100 53 3 3 1583
subj10_processed 100 24 3 3 1855
subj10_processed 100 54 3 3 2700
subj10_processed 100 31 3 3 2818
subj10_processed 100 55 3 3 4362
subj10_processed 100 56 3 3 1432
subj10_processed 100 21 3 3 1871
subj10_processed 100 57 3 2 3159
subj10_processed 100 58 3 3 3338
subj10_processed 100 7 3 3 2257
subj10_processed 100 9 3 3 1063
subj10_processed 100 59 2 2 2174
subj10_processed 100 60 3 3 2491
subj10_processed 100 32 3 3 1423
subj10_processed 100 61 2 3 1862
subj10_processed 100 62 3 3 1531
subj10_processed 100 29 3 3 2055
subj10_processed 100 63 3 3 2041
subj10_processed 100 64 3 3 1935
subj10_processed 100 36 3 3 2266
subj10_processed 100 5 3 3 1174
subj10_processed 100 65 3 3 1542
subj10_processed 100 66 3 3 1806
subj10_processed 100 25 3 3 2353
subj10_processed 100 67 3 3 1564
subj10_processed 100 68 3 3 1475
subj10_processed 100 14 3 3 1240
subj10_processed 100 69 3 3 2045
subj10_processed 100 1 2 2 1768
subj10_processed 100 70 3 3 2026
subj10_processed 100 71 3 3 1920
subj10_processed 100 37 3 3 2517
subj10_processed 100 72 3 3 2201
subj10_processed 100 20 3 3 1186
subj10_processed 100 73 3 3 1379
subj10_processed 100 74 3 3 1249
subj10_processed 100 39 3 3 1645
subj10_processed 100 75 2 3 1820
subj10_processed 100 76 3 3 1787
subj10_processed 100 3 3 3 2254
subj10_processed 100 26 3 3 1465
subj10_processed 100 77 3 3 5456
subj10_processed 100 78 3 2 1492
subj10_processed 100 35 3 3 1110
subj10_processed 100 79 2 3 1147
subj10_processed 100 80 2 2 2263
subj10_processed 100 6 3 3 2027
subj10_processed 100 81 2 2 1463
subj10_processed 100 40 3 3 2246
subj10_processed 100 82 2 2 1448
subj10_processed 100 83 2 2 1802
subj10_processed 100 17 2 2 1967
subj10_processed 100 84 2 2 2193
subj10_processed 100 19 3 3 1614
subj10_processed 100 85 2 2 1990
subj10_processed 100 8 3 3 1684
subj10_processed 100 86 2 2 1553
subj10_processed 100 87 2 3 4407
subj10_processed 100 11 3 3 1352
subj10_processed 100 88 2 2 2644
subj10_processed 100 89 3 3 1392
subj10_processed 100 38 3 3 1723
subj10_processed 100 90 2 2 1713
subj10_processed 100 16 3 3 1286
subj10_processed 100 91 2 2 1134
subj10_processed 100 92 2 2 1741
subj10_processed 100 23 3 3 1331
subj10_processed 100 93 2 2 1854
subj10_processed 100 94 2 3 1576
subj10_processed 100 33 2 2 1425
subj10_processed 100 95 2 2 1486
subj10_processed 100 10 3 3 2244
subj10_processed 100 96 2 2 1458
subj10_processed 100 4 3 3 2064
subj10_processed 100 97 2 2 1699
subj10_processed 100 98 3 3 1298
subj10_processed 100 30 3 3 2309
subj10_processed 100 99 3 3 1521
subj10_processed 100 27 3 3 1168
subj10_processed 100 100 3 3 3138
subject1_processed 100 41 3 3 2734
subject1_processed 100 12 3 2 2058
subject1_processed 100 42 3 3 3821
subject1_processed 100 43 3 3 4416
subject1_processed 100 15 3 3 3440
subject1_processed 100 44 3 3 2645
subject1_processed 100 45 2 2 1985
subject1_processed 100 22 3 3 2555
subject1_processed 100 2 3 3 4171
subject1_processed 100 46 3 3 2547
subject1_processed 100 47 3 3 2554
subject1_processed 100 34 3 2 2598
subject1_processed 100 48 3 3 1864
subject1_processed 100 18 3 3 2169
subject1_processed 100 49 3 2 2498
subject1_processed 100 50 3 3 2040
subject1_processed 100 28 3 2 2524
subject1_processed 100 51 3 3 1110
subject1_processed 100 52 3 3 2215
subject1_processed 100 13 3 3 1695
subject1_processed 100 53 3 3 3384
subject1_processed 100 24 3 3 1194
subject1_processed 100 54 3 3 1811
subject1_processed 100 31 3 3 1948
subject1_processed 100 55 3 3 1214
subject1_processed 100 56 3 3 1086
subject1_processed 100 21 3 2 4302
subject1_processed 100 57 3 3 7085
subject1_processed 100 58 3 2 4726
subject1_processed 100 7 3 3 1556
subject1_processed 100 9 3 3 1816
subject1_processed 100 59 2 2 1640
subject1_processed 100 60 3 3 1589
subject1_processed 100 32 3 2 3354
subject1_processed 100 61 2 2 1698
subject1_processed 100 62 3 3 4059
subject1_processed 100 29 3 3 1466
subject1_processed 100 63 3 3 2568
subject1_processed 100 64 3 3 1771
subject1_processed 100 36 3 3 1404
subject1_processed 100 5 3 3 1522
subject1_processed 100 65 3 3 2574
subject1_processed 100 66 3 3 1681
subject1_processed 100 25 3 2 1734
subject1_processed 100 67 3 3 1507
subject1_processed 100 68 3 3 2312
subject1_processed 100 14 3 3 1441
subject1_processed 100 69 3 3 2865
subject1_processed 100 1 2 2 2770
subject1_processed 100 70 3 3 2281
subject1_processed 100 71 3 3 1444
subject1_processed 100 37 3 3 1303
subject1_processed 100 72 3 3 1797
subject1_processed 100 20 3 3 1545
subject1_processed 100 73 3 3 1713
subject1_processed 100 74 3 3 1123
subject1_processed 100 39 3 2 2189
subject1_processed 100 75 2 3 2485
subject1_processed 100 76 3 3 2276
subject1_processed 100 3 3 3 1262
subject1_processed 100 26 3 3 1189
subject1_processed 100 77 3 3 1180
subject1_processed 100 78 3 2 2037
subject1_processed 100 35 3 3 1589
subject1_processed 100 79 2 2 1971
subject1_processed 100 80 2 3 1347
subject1_processed 100 6 3 3 1277
subject1_processed 100 81 2 2 1729
subject1_processed 100 40 3 3 1098
subject1_processed 100 82 2 2 1445
subject1_processed 100 83 2 3 1355
subject1_processed 100 17 2 2 1606
subject1_processed 100 84 2 2 2276
subject1_processed 100 19 3 3 1661
subject1_processed 100 85 2 2 1536
subject1_processed 100 8 3 3 1949
subject1_processed 100 86 2 2 1633
subject1_processed 100 87 2 2 2709
subject1_processed 100 11 3 3 2044
subject1_processed 100 88 2 2 1940
subject1_processed 100 89 3 3 1287
subject1_processed 100 38 3 3 1465
subject1_processed 100 90 2 2 2586
subject1_processed 100 16 3 3 991
subject1_processed 100 91 2 2 2170
subject1_processed 100 92 2 2 1766
subject1_processed 100 23 3 3 1112
subject1_processed 100 93 2 2 2508
subject1_processed 100 94 2 3 1412
subject1_processed 100 33 2 2 2077
subject1_processed 100 95 2 2 1682
subject1_processed 100 10 3 3 1445
subject1_processed 100 96 2 2 3925
subject1_processed 100 4 3 3 1355
subject1_processed 100 97 2 2 2135
subject1_processed 100 98 3 3 1180
subject1_processed 100 30 3 3 1169
subject1_processed 100 99 3 3 1910
subject1_processed 100 27 3 3 2052
subject1_processed 100 100 3 3 1096
f181051_processed 100 41 3 3 2068
f181051_processed 100 11 3 3 1983
f181051_processed 100 42 3 3 6862
f181051_processed 100 43 3 3 1702
f181051_processed 100 16 3 3 2179
f181051_processed 100 44 3 3 2391
f181051_processed 100 45 2 2 2800
f181051_processed 100 21 3 3 1784
f181051_processed 100 1 3 3 1372
f181051_processed 100 46 3 3 1758
f181051_processed 100 47 3 3 1271
f181051_processed 100 33 2 2 2006
f181051_processed 100 48 3 3 2202
f181051_processed 100 17 2 2 2319
f181051_processed 100 49 3 3 2125
f181051_processed 100 50 3 3 1220
f181051_processed 100 27 3 3 1450
f181051_processed 100 51 3 3 1678
f181051_processed 100 52 3 3 1646
f181051_processed 100 14 3 3 1900
f181051_processed 100 53 3 3 2456
f181051_processed 100 23 3 3 1864
f181051_processed 100 54 3 3 1827
f181051_processed 100 32 3 3 3121
f181051_processed 100 55 3 3 1978
f181051_processed 100 56 3 3 1572
f181051_processed 100 22 3 3 1850
f181051_processed 100 57 3 3 1871
f181051_processed 100 58 3 2 2786
f181051_processed 100 8 3 3 1830
f181051_processed 100 10 3 3 2307
f181051_processed 100 59 2 2 1204
f181051_processed 100 60 3 3 2189
f181051_processed 100 31 3 3 1325
f181051_processed 100 61 2 2 2077
f181051_processed 100 62 3 3 1780
f181051_processed 100 30 3 3 3043
f181051_processed 100 63 3 3 1747
f181051_processed 100 64 3 3 1465
f181051_processed 100 35 3 3 4937
f181051_processed 100 6 3 3 1838
f181051_processed 100 65 3 3 1321
f181051_processed 100 66 3 3 1750
f181051_processed 100 26 3 3 1639
f181051_processed 100 67 3 3 2072
f181051_processed 100 68 3 3 1348
f181051_processed 100 13 3 3 2015
f181051_processed 100 69 3 3 1454
f181051_processed 100 2 3 3 2199
f181051_processed 100 70 3 3 1699
f181051_processed 100 71 3 3 1264
f181051_processed 100 38 3 3 1580
f181051_processed 100 72 3 3 1722
f181051_processed 100 19 3 3 1750
f181051_processed 100 73 3 3 1606
f181051_processed 100 74 3 3 1607
f181051_processed 100 40 3 3 1981
f181051_processed 100 75 2 2 2110
f181051_processed 100 76 3 3 2122
f181051_processed 100 4 3 3 1832
f181051_processed 100 25 2 2 2219
f181051_processed 100 77 3 3 2240
f181051_processed 100 78 3 2 1687
f181051_processed 100 36 3 3 1337
f181051_processed 100 79 2 2 1491
f181051_processed 100 80 2 2 1241
f181051_processed 100 5 3 3 1321
f181051_processed 100 81 2 2 1440
f181051_processed 100 39 3 3 1113
f181051_processed 100 82 2 2 1269
f181051_processed 100 83 2 2 2423
f181051_processed 100 18 3 3 1251
f181051_processed 100 84 2 2 1250
f181051_processed 100 20 3 3 1546
f181051_processed 100 85 2 2 1940
f181051_processed 100 7 3 3 1555
f181051_processed 100 86 2 2 1248
f181051_processed 100 87 2 2 1492
f181051_processed 100 12 3 3 1411
f181051_processed 100 88 2 2 1549
f181051_processed 100 89 3 3 1934
f181051_processed 100 37 3 3 1302
f181051_processed 100 90 2 2 1578
f181051_processed 100 15 3 3 2028
f181051_processed 100 91 2 2 1749
f181051_processed 100 92 2 2 1520
f181051_processed 100 24 3 3 1624
f181051_processed 100 93 2 2 2190
f181051_processed 100 94 2 3 2218
f181051_processed 100 34 3 3 1573
f181051_processed 100 95 2 2 1530
f181051_processed 100 9 3 3 1216
f181051_processed 100 96 2 2 1314
f181051_processed 100 3 3 3 1204
f181051_processed 100 97 2 2 1510
f181051_processed 100 98 3 3 1219
f181051_processed 100 29 3 3 1401
f181051_processed 100 99 3 3 1165
f181051_processed 100 28 3 3 1204
f181051_processed 100 100 3 3 1083
