    1    1  1101  10   780  12   516   4   851  12   575  13  1405  14     0   0
    1    2   717   4   853   7   363   6   906   8   658   9  1388  10     0   0
    1    3  1021   9  1539   8   841   8   936  10   538  11  1253  11  1782   2
    1    4   884  11   674  10   737   8   633  10   737  10  1996  11   282   2
    2    1  1384  10   750   8   320   8   783   9   754  10  2542  10   158   1
    2    2  1164   8  1038   9   584  10   678  11   592  11  2214  11     0   0
    2    3  1634   8   841  12   461   6   888  13   923  12  3610  12     0   0
    2    4   795   7   594   8   361   4  1061  10   588   9  1815  10     0   0
    3    1  1275   6   752  10   445   9   855  10   799  10  1527  10     0   0
    3    2  1196  11   936  11   425  10   686  13   512  13  1410  13     0   0
    3    3   841   7   790  11   357   7  1101  12   598  11  1490  12     0   0
    3    4  1297   7  1187   8   695  11   987  10   808  11  1693  10     0   0
    4    1   806   8  1215  12   250   5   878  12   718  12  2408  12     0   0
    4    2  1071  11  1184  11   338   7   828  11  1091  10  2906  10     0   0
    4    3   718   9   852   8   413   5   658   9   669   9  1690   9     0   0
    4    4   844   4  1136  11   174   4   733  12   600  12  2135  14     0   0
    5    1   985  10  1106  12   720   5   903  13   650  13  1698  13     0   0
    5    2  1057   6   669   8   440   5   416   8   591   8  1510   8     0   0
    5    3  1439   7   905  10   514   9   951  11   787  11  1387  10     0   0
    5    4  1154   8  1133  10   285   7   800  11   660  11  1226  12     0   0
    6    1  1397  10  1102  11   447   7   730  11   650   9  2172  11   473   1
    6    2  1331   6  1056   9   643   3   632   8   677  10  1513  10     0   0
    6    3  1157  10   967  13   288   6   715  14   588  12  1808  14     0   0
    6    4  1343   5  1116   8   492   2   930   7   775   8  1513   8     0   0
    7    1  1341   6   778   9   268   7   874   9  1100   8  2081  10     0   0
    7    2   924   8   726   8   270   6   767  12   728  12  1715  12     0   0
    7    3   741   9  1208  11   316   6   728  11   754  11  1853  10     0   0
    7    4  1467   8  1118   9   656   8   918   9   934   9  2710  10     0   0
    8    1  1001   9   823  11   472   7   535  11   658  11  2863  10     0   0
    8    2  1482   6   674   7   550   6   497   7   706   7  2081   6   485   1
    8    3  1606   6   787   9   447   7   659   9   640   9  1554   9     0   0
    8    4  1203  10   817  11   311   6   581  10   529  11  2593  10     0   0
    9    1   799   7   572   5   241   2   675   5   661   5  2654   5     0   0
    9    2  1035   8   631   6   420   5   886   9   758  10  1310  10     0   0
    9    3  1497   5   753   8  1239   4   902   9   479  10  2718   9     0   0
    9    4  1100   4   710   9   520   7   839  12   577  12  2083  12     0   0
   10    1  1085  10   733  11   287   7   690  11   826  11  2669  10     0   0
   10    2   954   9   453  10   378   4   577  12   625  12  3660  12     0   0
   10    3     0   0     0   0     0   0     0   0     0   0     0   0     0   0
   10    4  1015  14   736  16   670  13   717  19   786  19  2409  20     0   0
   11    1  1006  18   738  21   346  12   734  22   482  24  1057  24     0   0
   11    2     0   0     0   0     0   0     0   0     0   0     0   0     0   0
   11    3   954  10   811  12   188   6   909  11   515  12  1297  10     0   0
   11    4   888   6  1008  10   912   7  1027  10   582  10  1296   9     0   0
   12    1   974   8   797   8   454   9   603  11   524  11  1742  11   146   1
   12    2  1187   9   606  10   938   9   936  11   677  11  2472  11   319   1
   12    3   939   4   717   5   339   6   711   7   826   7  1214   7     0   0
   12    4  1141   8   522  11   385   9   489  11   554  11  2410  12     0   0
   13    1     0   0     0   0     0   0     0   0     0   0     0   0     0   0
   13    2   872  15   636  21   439  16   789  20   571  20  1818  21     0   0
   13    3   926   7   817   8   404   9   915  10   636   9  2203   8  1496   1
   13    4   774   9   640   8   477   7   857  11   717  12  1444  11   271   1
   14    1  1075   7   844  10   639   9  1029  10   672  10  2760   9     0   0
   14    2  1314   6   917   8   476   6   781  11   482  11  1443  10     0   0
   14    3  1830   6  1175   9   420   6   792  10   527  11  1815  11     0   0
   14    4   762   4   752   7   360   5   730   7   631   7  1214   7     0   0
   15    1  1021  18   769  20   343  10   669  21   690  21  2301  22     0   0
   15    2     0   0     0   0     0   0     0   0     0   0     0   0     0   0
   15    3   845   9  1065  11   616   6   810  12   634  11  1065  12     0   0
   15    4  1007   7   851   8   609   5   784  10   801   9  1846   9     0   0
   16    1  1209   7  1170   9   379   5   650   9   488  10  1483  10     0   0
   16    2  1285   8   997   8   465   6   865  10   680  10  1572   9   561   1
   16    3   701   7  1085   9   289   2  1167   9   543   9   816   9     0   0
   16    4  1061   6   942  11   178   3   696  11   432  12  1372  12     0   0
   17    1     0   0     0   0     0   0     0   0     0   0     0   0     0   0
   17    2  1039  12  1001  19   337   5   769  20   759  21  1576  19     0   0
   17    3  1002   8   788  11   296   6   972  10   921  11  2192  10     0   0
   17    4   838   9   739  12   509   3  1179  10   732  11  1444  11     0   0
   18    1   911   6   994   9   247   5   884   9   690   9  1695   9     0   0
   18    2   740   8   995  11   382   5   803  11   767  11  1403  12     0   0
   18    3     0   0     0   0     0   0     0   0     0   0     0   0     0   0
   18    4  1018  14   746  18   259   5   958  20   583  20  2029  21     0   0
   19    1   768   9   608   9   446  10   589  10   536  10  1191  10     0   0
   19    2   961   6   913  12   725   8   835  12   812  14  1540  14     0   0
   19    3  1270   9   781  10   613  10  1166  12   545  11  1026  12     0   0
   19    4  1045   7   810   9   559   8  1015  10   598   9  1618  10     0   0
   20    1   450   7   568   8   569   9   792  11   469  10  1487  11     0   0
   20    2  1247   9   470   6   734   9   786   9   628  10  1945  10     0   0
   20    3  1018   5   816   5   837   5   723   8   681   8  2079   8     0   0
   20    4  1611   7  1263  10   414   6   662  11   504  13  2224  13     0   0
   21    1   916   7   925  13   420   8   716  12   536  13  2685  13     0   0
   21    2   866   6   616   6   430   7   838   7   876   7  1151   7     0   0
   21    3  1079   9   876  11   580   8  1239  11   532  11  1689  10     0   0
   21    4   998   7   677   7   355   7   867   9   783  10  1602  10     0   0
   22    1  1313   7  1107  11   451   4   918  11   790  11  1903   9     0   0
   22    2   998   9  1149  12   188   3   687  11   733  12  2354  12     0   0
   22    3     0   0     0   0     0   0     0   0     0   0     0   0     0   0
   22    4  1314  15  1205  17   196   5   954  21   697  22  3186  23     0   0
   23    1   904  14   796  18   299   9   600  21   444  21  1843  22   421   1
   23    2     0   0     0   0     0   0     0   0     0   0     0   0     0   0
   23    3  1184   9   928  10   656   5   617  10   578  10  1434   9     0   0
   23    4  1085  10  1109  10   480   6   771  10   628  10  2037  10     0   0
   24    1   936   8   837  11   523   7   841  12   725  11  1595  12     0   0
   24    2  1085   7   878   8   649   9  1686  10  1182   9  1785   9   227   1
   24    3   878   3   684   8   425   7   894   9   522   9  1660   9     0   0
   24    4   796   6   747   8   407   6   724  10   800  10  3075  10     0   0
   25    1     0   0     0   0     0   0     0   0     0   0     0   0     0   0
   25    2  1336  12   796  16   557  16   785  22   710  21  2048  22     0   0
   25    3  1330   8   815   8   418   8  1143   9   737   9  2075   8     0   0
   25    4  1087  10   859  11   395  10  1168  11   834  12  2007  11     0   0
   26    1  1408   9   749  11   504  11  1010  11   612  11  1491  11     0   0
   26    2  1138   8   555  10   444   9   712   9   508   9  1208  10     0   0
   26    3  1151   9   967  12   969  10   763  13   481  13  1222  13     0   0
   26    4  1413   6   796   9   501   6   592   8   527   9  1124   8     0   0
   27    1  1257  11  1115  14   780  14  1042  17   909  17  1818  15     0   0
   27    2     0   0     0   0     0   0     0   0     0   0     0   0     0   0
   27    3  1010   4  1048   8   286   7  1033  10   714  10  1216   8     0   0
   27    4   937   5   482   8   562   7   967   7   970   8  1127   8  1355   1
   28    1  1044   8   704   7   628   8   843  10   702   9  1262  10     0   0
   28    2   649   7   728   8   612   9  1119   7   873   9  1423   7     0   0
   28    3   959  14   902  19   402   8  1029  21   786  22  1562  22     0   0
   28    4     0   0     0   0     0   0     0   0     0   0     0   0     0   0
   29    1  1203   9  1000  11   464   5   795  12   761  11  1701  12     0   0
   29    2  1075   5   690   8   484   7   782   9   599   9  1709   9     0   0
   29    3  1101   7   741   7   665   8  1196  10   715  10  2901  10     0   0
   29    4   709   8   817   8   481   9   659  12   604  12  1440  12     0   0
   30    1  1184  10   820   7   802   7   703  11   747  11  1503  11   696   1
   30    2   855  10   645  10   417  10   618  12   660  12  1853  12     0   0
   30    3  1344   7  1161   9   465   4   924  11   679  10  2129  11     0   0
   30    4  1297   6   692   9   716   5   635   8   573  10  1674  10     0   0
   31    1   705   7   747   9   496   3  1073  10   673  10  1733   9     0   0
   31    2   726   7  1517  13   156   2   874  13   686  13  1793  13     0   0
   31    3   833   7  1052  11   344   6   987  11   844  11  1105  11     0   0
   31    4   921   8   970  11   526   7  1359  11   805  11  1868  11   592   1
   32    1   920   5   978   8   388   2   786  10   872  10  1482  10     0   0
   32    2   835   4   995  11   212   3   943  11   540  11  1529  11     0   0
   32    3   646   8   640   8   822   7   753  10   490  10  1534  10     0   0
   32    4   649   5   783   8   337   6  1059  10   768  12  1988  11   288   1
   33    1     0   0     0   0     0   0     0   0     0   0     0   0     0   0
   33    2  1166  13   696  16   614  13   777  20   666  21  1463  20   357   1
   33    3  1397   7   883   7   883   9   778  10   586   9  3036   9     0   0
   33    4  1038  10   669   6   458   7   758   9   749  10  1318  10     0   0
   34    1   710   8   474   8   613   9  1136  11   621  10  1486  10     0   0
   34    2   891   7   741  10   370   8   680  11   626  12  1395  12     0   0
   34    3     0   0     0   0     0   0     0   0     0   0     0   0     0   0
   34    4   763  14   686  18   350  16   854  22   793  22  2423  23     0   0
   35    1  1373   7   761   9   467   6   613   9   509   9  1326   9     0   0
   35    2  1184   9   893  12   426   8   826  11   389  12  1349  12     0   0
   35    3  1479   9  1021  10   525   5   755  11   462  11  1296  11     0   0
   35    4  1519   9  1151  10   391   8   805  10   593  11  1346  11   485   1
   36    1   917   9   749  11   338  10   740  12   522  12  1491  12     0   0
   36    2  1140   7   666   9   631   6   742   9   502   9  1589   9     0   0
   36    3   863   6   670   9   811   6   678   9   554  10  1137   9     0   0
   36    4   854   9   569   7   676   7   783  12   539  11  1336  12     0   0
   37    1     0   0     0   0     0   0     0   0     0   0     0   0     0   0
   37    2   895  11   958  20   281   8   536  22   713  22  1809  20     0   0
   37    3  1164   6  1182   9   736   4  1142  10   848   9  1816  10   705   1
   37    4   971   9  1058  12   335   5   814  12   838  12  1071  12     0   0
   38    1  1093   7  1040   9   527   8  1099  11   711  11  1776  11     0   0
   38    2   950   6  1050  11   465   5   745  11   492  11  1430  11     0   0
   38    3     0   0     0   0     0   0     0   0     0   0     0   0     0   0
   38    4   903  14   992  18   572  15   677  22   490  22  1257  21   214   1
   39    1  1238  15  1043  16   375  12  1093  19   876  21  1779  21     0   0
   39    2     0   0     0   0     0   0     0   0     0   0     0   0     0   0
   39    3  1012   7   787  10   468   7  1088  10   633  10  1744   9     0   0
   39    4  1142   8  1043  10   479   6  1469   9  1086  10  2381   9   488   1
   40    1  1155   7  1216  10   443   7   871  11   747  11  1205  11     0   0
   40    2  1480   7  1277  10   681   7   772  11   532  10  1449  11   730   1
   40    3  1094  14   820  19   645  11   833  22   661  23  1352  23   188   1
   40    4     0   0     0   0     0   0     0   0     0   0     0   0     0   0
