    1    1    87   8    75   8    37   8   100   8    87   8   100   8     0   8
    1    2    90  10    90  10    50  10    90  10   100  10   100  10     0  10
    1    3    66   9   100   9    22   9   100   9   100   9   100   9     0   9
    1    4    80  10    90  10     0  10    90  10   100  10   100  10     0  10
    2    1   100   9    88   9    66   9   100   9   100   9   100   9     0   9
    2    2    88   9    77   9    88   9   100   9   100   9   100   9     0   9
    2    3   100   9    77   9    88   9   100   9   100   9   100   9     0   9
    2    4   100  10    90  10    80  10   100  10   100  10   100  10     0  10
    3    1    87   8   100   8    87   8   100   8   100   8   100   8    12   8
    3    2    60   5   100   5    60   5    80   5   100   5   100   5     0   5
    3    3    71   7   100   7   100   7   100   7   100   7   100   7     0   7
    3    4    60   5    80   5    60   5   100   5   100   5   100   5     0   5
    4    1   100  10    70  10    90  10   100  10    90  10   100  10     0  10
    4    2   100   8   100   8    37   8   100   8   100   8   100   8     0   8
    4    3    77   9   100   9    77   9   100   9    88   9   100   9     0   9
    4    4   100  10    90  10    60  10    90  10    90  10   100  10    10  10
    5    1    88   9    88   9    77   9   100   9   100   9   100   9    22   9
    5    2    71   7   100   7    71   7   100   7   100   7   100   7    28   7
    5    3    75   8   100   8    75   8   100   8   100   8   100   8    12   8
    5    4   100   7    85   7    85   7   100   7    85   7   100   7    28   7
    6    1    77   9   100   9   100   9   100   9   100   9   100   9     0   9
    6    2   100  10    90  10    70  10    90  10   100  10   100  10     0  10
    6    3    88   9    88   9    77   9   100   9   100   9   100   9     0   9
    6    4    50   8   100   8    37   8   100   8   100   8   100   8     0   8
    7    1    80  10    90  10    80  10   100  10   100  10   100  10     0  10
    7    2    80  10   100  10    90  10   100  10   100  10   100  10     0  10
    7    3   100  10    80  10    70  10   100  10   100  10   100  10     0  10
    7    4    90  10    70  10    70  10   100  10   100  10   100  10     0  10
    8    1    70  10   100  10    80  10   100  10   100  10   100  10    10  10
    8    2    77   9    77   9    55   9    88   9   100   9   100   9     0   9
    8    3    77   9   100   9    77   9   100   9   100   9   100   9     0   9
    8    4    80  10   100  10    90  10    90  10   100  10   100  10    10  10
    9    1    42   7   100   7    42   7   100   7   100   7   100   7     0   7
    9    2    77   9   100   9    55   9   100   9   100   9   100   9     0   9
    9    3    57   7    85   7    42   7   100   7   100   7   100   7     0   7
    9    4    36  11   100  11    54  11   100  11   100  11   100  11     0  11
   10    1   100   9   100   9    66   9   100   9    88   9   100   9     0   9
   10    2    85   7    28   7    85   7   100   7   100   7   100   7     0   7
   10    3    90  10    80  10    90  10   100  10   100  10   100  10     0  10
   10    4   100   8    62   8    37   8    87   8   100   8   100   8     0   8
   11    1   100   8   100   8    50   8   100   8   100   8   100   8     0   8
   11    2   100   8   100   8    87   8   100   8   100   8   100   8     0   8
   11    3   100   9    88   9    44   9   100   9   100   9   100   9     0   9
   11    4   100   7    85   7    57   7   100   7   100   7   100   7     0   7
   12    1    25   4   100   4    75   4   100   4   100   4   100   4     0   4
   12    2    37   8   100   8    50   8   100   8   100   8   100   8     0   8
   12    3    60   5   100   5    60   5   100   5   100   5   100   5     0   5
   12    4    37   8    87   8    75   8    87   8   100   8   100   8     0   8
   13    1    90  10   100   9    33   9    88   9   100   9   100   9     0   9
   13    2    90  10    80  10    40  10    90  10   100  10   100  10     0  10
   13    3   100   7    85   7    28   7    85   7   100   7   100   7     0   7
   13    4   100  13    92  13    84  13   100  13   100  13   100  13     0  13
   14    1    80  10   100  10    90  10   100  10   100  10   100  10     0  10
   14    2    70  10    90  10    80  10   100  10   100  10   100  10     0  10
   14    3    88   9    88   9   100   9   100   9   100   9   100   9     0   9
   14    4    90  10   100  10   100  10   100  10   100  10   100  10     0  10
   15    1    80  10    90  10    60  10    90  10    90  10   100  10     0  10
   15    2    75   8   100   8    12   8   100   8   100   8    87   8     0   8
   15    3    60  10    90  10    20  10    90  10   100  10    90  10     0  10
   15    4    66   9   100   9    22   9    88   9   100   9   100   9     0   9
   16    1    55   9   100   8    25   8    87   8    87   8    87   8     0   8
   16    2    62   8   100   8    37   8   100   8   100   8   100   8     0   8
   16    3    80   5   100   5    40   5   100   5   100   5    80   5     0   5
   16    4    40  10   100  10    40  10    90  10   100  10   100  10     0  10
   17    1   100  10    90  10    70  10   100  10   100  10   100  10     0  10
   17    2    90  10   100  10    70  10   100  10   100  10   100  10     0  10
   17    3   100   8    87   8   100   8   100   8   100   8   100   8     0   8
   17    4    66   9    77   9    55   9    88   9   100   9   100   9     0   9
   18    1    80  10   100   9    88   9   100   9   100   9   100   9     0   9
   18    2    55   9   100   9    88   9   100   9   100   9   100   9     0   9
   18    3    85   7    85   7   100   7   100   7   100   7   100   7     0   7
   18    4    90  11   100  11    81  11   100  11   100  11   100  11     0  11
   19    1    71   7    42   7    42   7    57   7    71   7   100   7     0   7
   19    2    50  10    60  10    50  10    80  10    80  10   100  10     0  10
   19    3    42   7    71   7    28   7    85   7    85   7   100   7     0   7
   19    4    50  12    66  12    25  12    66  12    83  12   100  12     0  12
   20    1   100  10    90  10    90  10   100  10   100  10   100  10     0  10
   20    2    90  10    90  10    60  10   100  10   100  10   100  10     0  10
   20    3    88   9   100   9    55   9   100   9   100   9   100   9     0   9
   20    4    90  10   100  10    80  10   100  10   100  10   100  10     0  10
   21    1   100  10   100  10    90  10   100  10   100  10   100  10    10  10
   21    2    90  10    80  10    40  10    90  10    90  10   100  10    20  10
   21    3    40  10    80  10    60  10   100  10    90  10   100  10     0  10
   21    4    70  10   100  10    70  10    90  10   100  10   100  10     0  10
   22    1   100  10    90  10    80  10    90  10   100  10   100  10     0  10
   22    2   100  10    90  10    70  10    90  10   100  10   100  10    10  10
   22    3    90  10    80  10    80  10    90  10   100  10   100  10     0  10
   22    4    80  10   100  10    80  10   100  10    90  10   100  10     0  10
   23    1    77   9    77   9    66   9   100   9    88   9   100   9     0   9
   23    2    62   8   100   8    75   8   100   8    87   8   100   8     0   8
   23    3    44   9   100   9    77   9   100   9   100   9   100   9     0   9
   23    4    60  10    70  10    40  10    90  10    90  10   100  10     0  10
   24    1    80  10   100   9    66   9    88   9   100   9   100   9     0   9
   24    2    90  10   100  10    70  10   100  10   100  10   100  10     0  10
   24    3    85   7   100   7    57   7   100   7    85   7   100   7     0   7
   24    4    84  13    76  13    61  13    84  13    92  13   100  13     0  13
   25    1    70  10    90  10    50  10   100  10   100  10   100  10     0  10
   25    2    80  10    90  10    70  10    90  10    90  10    90  10     0  10
   25    3   100   9    88   9    66   9   100   9   100   9   100   9    11   9
   25    4    90  10   100  10    70  10   100  10   100  10   100  10    10  10
   26    1    80  10   100   9    55   9   100   9   100   9   100   9     0   9
   26    2    75   8    87   8    37   8   100   8   100   8   100   8     0   8
   26    3    57   7   100   7    28   7   100   7    85   7   100   7     0   7
   26    4    84  13   100  13    38  13   100  13   100  13   100  13     0  13
   27    1    80  10    90  10    70  10   100  10    90  10   100  10     0  10
   27    2    90  10   100  10    60  10   100  10   100  10   100  10     0  10
   27    3    77   9   100   9    66   9   100   9   100   9    88   9     0   9
   27    4    88   9    77   9    66   9    88   9   100   9   100   9     0   9
   28    1    75   8   100   8    75   8   100   8   100   8   100   8     0   8
   28    2    50   8   100   8    75   8   100   8   100   8   100   8     0   8
   28    3    70  10   100  10    50  10   100  10   100  10   100  10     0  10
   28    4    90  10   100  10    70  10   100  10   100  10   100  10    10  10
   29    1    50   8    50   8    25   8    87   8   100   8   100   8     0   8
   29    2    50   8    62   8    25   8   100   8   100   8   100   8    12   8
   29    3    85   7    71   7    14   7   100   7   100   7   100   7    14   7
   29    4    44   9    66   9    11   9    88   9    77   9   100   9    11   9
   30    1    90  10    80  10    70  10   100  10   100  10   100  10     0  10
   30    2    70  10   100  10    80  10   100  10   100  10   100  10     0  10
   30    3    90  10    80  10    80  10   100  10   100  10   100  10     0  10
   30    4    80  10    90  10    40  10    90  10   100  10   100  10     0  10
   31    1   100  10    90  10    70  10   100  10   100  10   100  10     0  10
   31    2   100  10   100  10    60  10   100  10   100  10   100  10     0  10
   31    3   100  10    90  10    70  10   100  10   100  10   100  10     0  10
   31    4   100  10    70  10    80  10   100  10    90  10   100  10     0  10
   32    1    40  10   100   9    44   9   100   9   100   9    88   9     0   9
   32    2    20  10   100  10    30  10    90  10    90  10   100  10     0  10
   32    3     0   7   100   7    14   7    85   7   100   7   100   7     0   7
   32    4    18  11    90  11     9  11    90  11    90  11   100  11     0  11
   33    1   100   9   100   8    50   8   100   8   100   8   100   8     0   8
   33    2    80  10   100  10    70  10   100  10   100  10   100  10     0  10
   33    3    83   6   100   6    66   6   100   6   100   6   100   6     0   6
   33    4    69  13    84  13    76  13   100  13   100  13   100  13     0  13
   34    1    90  10    80  10    30  10   100  10   100  10   100  10     0  10
   34    2    80  10    70  10    60  10   100  10   100  10   100  10     0  10
   34    3   100  10    70  10    60  10   100  10    90  10   100  10     0  10
   34    4    70  10    90  10    60  10   100  10   100  10   100  10     0  10
   35    1    90  10   100  10    80  10   100  10   100  10   100  10     0  10
   35    2    77   9    88   9    77   9   100   9   100   9   100   9     0   9
   35    3    88   9    88   9    66   9   100   9   100   9   100   9    11   9
   35    4   100   9   100   9    88   9   100   9   100   9   100   9     0   9
   36    1    50   8    85   7    57   7    85   7   100   7   100   7     0   7
   36    2    40  10   100  10    50  10   100  10   100  10   100  10     0  10
   36    3    57   7   100   7    57   7   100   7    71   7   100   7     0   7
   36    4    63  11    90  11    36  11   100  11    90  11   100  11     9  11
   37    1    88   9   100   8    25   8   100   8   100   8   100   8     0   8
   37    2    77   9    88   9    55   9   100   9   100   9   100   9     0   9
   37    3   100   5   100   5    20   5    80   5   100   5   100   5     0   5
   37    4    90  11    90  11    45  11   100  11   100  11   100  11     0  11
   38    1    12   8   100   8    50   8   100   8   100   8   100   8     0   8
   38    2    33   9   100   9    66   9   100   9   100   9   100   9     0   9
   38    3    44   9   100   9    22   9   100   9   100   9   100   9     0   9
   38    4    40  10   100  10    50  10    90  10   100  10   100  10     0  10
   39    1    77   9    77   9    22   9   100   9   100   9   100   9     0   9
   39    2    85   7    85   7    42   7   100   7   100   7   100   7     0   7
   39    3   100   3   100   3    66   3   100   3   100   3   100   3     0   3
   39    4    90  10    70  10    80  10   100  10   100  10   100  10     0  10
   40    1    80  10    90  10    50  10   100  10   100  10   100  10     0  10
   40    2   100  10    90  10    40  10    90  10   100  10   100  10     0  10
   40    3    80  10   100  10    30  10   100  10   100  10   100  10     0  10
   40    4    77   9    88   9    55   9    88   9    88   9   100   9    11   9
   41    1    66   9    77   9    11   9    88   9   100   9   100   9     0   9
   41    2    70  10   100  10    30  10    90  10   100  10   100  10     0  10
   41    3    80  10   100  10    20  10   100  10   100  10   100  10     0  10
   41    4    80  10    70  10    30  10   100  10   100  10    90  10     0  10
   42    1    90  10    80  10    60  10   100  10   100  10   100  10     0  10
   42    2    90  10    70  10    70  10    80  10   100  10   100  10     0  10
   42    3   100  10    70  10    70  10   100  10    90  10   100  10     0  10
   42    4    80  10    80  10    70  10    90  10    90  10   100  10     0  10
   43    1    60  10   100  10    70  10   100  10   100  10   100  10     0  10
   43    2    70  10   100  10    50  10    70  10    90  10   100  10     0  10
   43    3    80  10    90  10    60  10   100  10    80  10   100  10     0  10
   43    4    88   9    77   9    55   9    77   9   100   9   100   9     0   9
   44    1    90  10   100  10    70  10   100  10    90  10   100  10     0  10
   44    2    80  10    90  10    80  10   100  10    90  10   100  10     0  10
   44    3    90  10   100  10    70  10   100  10   100  10   100  10     0  10
   44    4    77   9   100   9    66   9    88   9   100   9   100   9     0   9
   45    1    80  10   100  10    70  10   100  10   100  10   100  10     0  10
   45    2    80  10    90  10    60  10   100  10   100  10   100  10     0  10
   45    3    90  10   100  10    80  10    90  10   100  10   100  10     0  10
   45    4    90  10    90  10    30  10   100  10   100  10   100  10     0  10
   46    1    60  10    90  10    50  10   100  10   100  10   100  10     0  10
   46    2    40  10    80  10    60  10   100  10   100  10    90  10     0  10
   46    3    20  10   100  10    60  10   100  10   100  10   100  10     0  10
   46    4    44   9   100   9    66   9   100   9   100   9   100   9     0   9
   47    1    70  10   100   9    44   9    88   9    88   9   100   9     0   9
   47    2    70  10    80  10    40  10   100  10   100  10   100  10     0  10
   47    3    85   7    85   7    28   7   100   7   100   7   100   7     0   7
   47    4    46  13   100  13    38  13   100  13    92  13   100  13     0  13
