    1    1   309   9   335   8   196   1   285   9   207  11   233  11     0   0
    1    2   381   2   285   6     0   0   204   5   230   6   283   9     0   0
    1    3   356   6   221   5     0   0   316   6   323   6   201   8     0   0
    1    4   329   8   182   6     0   0   192   8   193   5   219   9   282   2
    2    1   417   7   265   6     0   0   206   6   247   6   230   7     0   0
    2    2   368   6   232   7   265   2   194   9   233   4   203   8     0   0
    2    3   434   8   265  10     0   0   197   9   256   8   215  12     0   0
    2    4   301   7   204   5     0   0   243   7   235   5   258   8     0   0
    3    1   372   6   272   9   189   5   238   7   222   7   234   9     0   0
    3    2   276   9   236   7   141   1   189   8   251  10   203  12     0   0
    3    3   300   5   209   8   265   1   248   7   248   7   246   8     0   0
    3    4   293   6   216   6   204   1   245   6   301   6   242   8     0   0
    4    1   345   5   322   9   267   1   230   9   232   9   259  10     0   0
    4    2   337   8   292   8     0   0   270   8   222   7   194   7     0   0
    4    3   299   6   205   8   335   1   197   8   233   7   189   8     0   0
    4    4   362   6   299   8   148   1   224  10   243   9   259  12     0   0
    5    1   311   7   293  10     0   0   274   8   247  10   207  12     0   0
    5    2   370   4   232   7   716   1   171   3   295   6   200   7     0   0
    5    3   462   6   262   8   279   1   245   8   226   8   293   8     0   0
    5    4   412   6   263   7   290   1   229   7   221   6   201  10     0   0
    6    1   492   8   269   8   152   2   218   6   293   7   243   7     0   0
    6    2   486   4   281   7   243   1   274   5   252   7   199   8     0   0
    6    3   482   7   246  12   413   1   226  11   224  10   248  13     0   0
    6    4   386   4   320   6   155   1   243   4   244   6   249   7     0   0
    7    1   396   5   256   9   239   2   206   7   285   7   300   9     0   0
    7    2   289   7   275   6   212   2   208   7   197   9   195  11     0   0
    7    3   263   6   221   9   328   1   226   8   214   7   247   9     0   0
    7    4   304   6   252   8   246   2   283   8   215   7   290   7     0   0
    8    1   253   4   214   8     0   0   213   6   195   8   209   9     0   0
    8    2   341   6   217   6   243   1   216   6   173   6   206   5   485   1
    8    3   357   7   196   9     0   0   241   9   234   8   276   8     0   0
    8    4   331   9   202   9   179   1   282   8   225   8   249  10     0   0
    9    1   277   6   191   6     0   0   209   7   253   4   219   9     0   0
    9    2   312   7   268   5     0   0   218   3   307   7   178   9     0   0
    9    3   421   5   179   6     0   0   344   6   249   7   215   7     0   0
    9    4   392   3   361   7     0   0   242   8   215   8   222  10     0   0
   10    1   341   7   216   7     0   0   253   7   244   8   212   8     0   0
   10    2   328   7   238   7   160   1   209   9   221  10   179  10     0   0
   10    3     0   0     0   0     0   0     0   0     0   0     0   0     0   0
   10    4   304  12   301  11     0   0   258  11   209  14   207  17     0   0
   11    1   328  16   241  18   240   1   239  15   266  12   210  22     0   0
   11    2     0   0     0   0     0   0     0   0     0   0     0   0     0   0
   11    3   320   6   183   9   186   1   201   5   212   7   212   9     0   0
   11    4   405   5   241   6     0   0   251   5   218   8   232   8     0   0
   12    1   429   6   188   6     0   0   220   8   215   7   235   9   146   1
   12    2   335   7   216   5     0   0   245   8   264   7   269   8     0   0
   12    3   340   4   317   5   299   2   202   6   286   4   247   7     0   0
   12    4   403   6   235   6   184   1   209  10   229   8   223  11     0   0
   13    1     0   0     0   0     0   0     0   0     0   0     0   0     0   0
   13    2   330  12   254  17   175   1   270  15   206  16   209  20     0   0
   13    3   273   5   197   6   238   1   245   7   248   7   294   7     0   0
   13    4   312   5   187   6     0   0   230   7   200   5   199  10   271   1
   14    1   284   4   244   7   249   4   237   7   346   5   265   7     0   0
   14    2   330   5   242   7   278   3   193   5   178   6   232   8     0   0
   14    3   319   5   255   7     0   0   233   7   222   6   244   9     0   0
   14    4   338   3   213   7   241   2   215   5   259   5   232   7     0   0
   15    1   289  15   235  16     0   0   216  10   228  13   255  17     0   0
   15    2     0   0     0   0     0   0     0   0     0   0     0   0     0   0
   15    3   410   7   345   8     0   0   220   7   235   7   204  10     0   0
   15    4   374   5   189   4     0   0   160   5   293   4   227   5     0   0
   16    1   293   5   220   6     0   0   202   6   269   6   284   8     0   0
   16    2   290   5   205   5   273   1   174   7   240   6   191   7   561   1
   16    3   350   4   218   7     0   0   185   6   233   6   216   8     0   0
   16    4   370   6   224   9     0   0   213  10   253   8   188  11     0   0
   17    1     0   0     0   0     0   0     0   0     0   0     0   0     0   0
   17    2   289  11   186  14     0   0   225  15   231  18   229  16     0   0
   17    3   362   6   235   8   264   1   253   6   316   7   189   8     0   0
   17    4   456   5   251   9     0   0   216   5   202   9   215   9     0   0
   18    1   279   5   226   5     0   0   179   6   240   7   243   7     0   0
   18    2   287   5   307   7   214   2   276   8   186   9   207   8     0   0
   18    3     0   0     0   0     0   0     0   0     0   0     0   0     0   0
   18    4   404  12   258  17     0   0   232  15   220  17   212  20     0   0
   19    1   282   7   270   5     0   0   233   8   215   5   185   9     0   0
   19    2   292   5   244   9   171   1   194   7   237   9   195  13     0   0
   19    3   395   7   266   9   276   2   208  10   193  10   191  10     0   0
   19    4   309   5   322   6     0   0   225   7   234   6   218   7     0   0
   20    1   228   3   210   4     0   0   270   7   189   4   203   8     0   0
   20    2   327   7   212   5   170   1   258   8   266   7   199   8     0   0
   20    3   306   3   248   4   195   2   214   4   223   4   194   7     0   0
   20    4   290   6   228   7     0   0   210   7   234   6   188  12     0   0
   21    1   295   7   280  12     0   0   245   9   191  10   262  13     0   0
   21    2   372   5   180   5   225   3   172   4   180   5   201   7     0   0
   21    3   422   6   221   7     0   0   237   6   204   8   244   8     0   0
   21    4   343   5   254   6   214   1   209   8   223   8   217   8     0   0
   22    1   320   3   203   7   229   1   177   6   220   8   256   8     0   0
   22    2   393   5   226  10     0   0   235   8   250  10   280   9     0   0
   22    3     0   0     0   0     0   0     0   0     0   0     0   0     0   0
   22    4   316  10   233  15     0   0   210  16   252  15   245  21     0   0
   23    1   316  12   266  16     0   0   215  11   215   9   235  20     0   0
   23    2     0   0     0   0     0   0     0   0     0   0     0   0     0   0
   23    3   269   6   227   8     0   0   223   8   229   7   214   7     0   0
   23    4   386   6   199   6   179   1   218   6   214   5   204   7     0   0
   24    1   301   4   247   8   255   1   206   4   246   7   267  10     0   0
   24    2   442   4   249   5   453   1   231   5   281   6   196   7     0   0
   24    3   279   2   188   7   270   1   249   8   256   5   227   7     0   0
   24    4   344   3   208   7     0   0   234   9   267   8   221   9     0   0
   25    1     0   0     0   0     0   0     0   0     0   0     0   0     0   0
   25    2   313   9   291  13   220   3   233  14   226  13   239  20     0   0
   25    3   425   5   196   6   285   3   295   6   251   7   294   7     0   0
   25    4   299   5   250   9   208   2   256   9   231   8   268   8     0   0
   26    1   313   6   302   8   213   1   265   8   255   8   230   8     0   0
   26    2   417   5   217   8   365   2   225   7   227   5   173   8     0   0
   26    3   320   7   304  10     0   0   253  12   303   8   245  11     0   0
   26    4   536   4   285   7   205   1   261   6   221   4   229   7     0   0
   27    1   364  10   225  12   240   5   201  15   252  13   307  15     0   0
   27    2     0   0     0   0     0   0     0   0     0   0     0   0     0   0
   27    3   463   2   271   5   278   1   245   6   268   8   262   8     0   0
   27    4   285   3   240   3   258   2   263   6   193   5   205   6     0   0
   28    1   369   5   232   4   297   2   260   6   273   6   242   8     0   0
   28    2   301   3   275   5   180   2   197   5   277   6   165   6     0   0
   28    3   340  11   229  17     0   0   214  15   258  16   223  19     0   0
   28    4     0   0     0   0     0   0     0   0     0   0     0   0     0   0
   29    1   325   6   245   9     0   0   271   7   263   8   236  11     0   0
   29    2   329   4   266   7   444   1   290   6   248   5   245   6     0   0
   29    3   383   5   226   4     0   0   271   7   263   7   247   7     0   0
   29    4   323   4   249   8   202   2   189   9   214   7   262  10     0   0
   30    1   392   8   265   7     0   0   304   8   299   8   262   7     0   0
   30    2   339   8   293   7     0   0   230   7   216   8   224  10     0   0
   30    3   318   6   212   8   395   1   210   8   295   7   224   9     0   0
   30    4   551   5   228   8   235   1   203   6   212   6   240   8     0   0
   31    1   349   6   249   9     0   0   186   8   222   9   318   8     0   0
   31    2   328   6   300   9     0   0   261   9   207  10   238  10     0   0
   31    3   471   3   279   9     0   0   202   9   224   8   241   9     0   0
   31    4   330   6   295   7     0   0   223   8   215   6   260   7     0   0
   32    1   398   3   234   7     0   0   205   7   244   5   265   6     0   0
   32    2   417   2   317   8     0   0   283   5   212   8   185   8     0   0
   32    3   293   5   257   6     0   0   160   3   194   8   288   9     0   0
   32    4   276   4   307   6     0   0   270   6   229   7   175  11     0   0
   33    1     0   0     0   0     0   0     0   0     0   0     0   0     0   0
   33    2   320   9   300  13   199   3   216  11   249  12   219  18     0   0
   33    3   431   5   256   4     0   0   257   6   195   6   232   7     0   0
   33    4   259   7   225   5   141   1   243   6   280   7   190   7     0   0
   34    1   327   4   266   6   168   1   240   6   206   8   242   8     0   0
   34    2   388   5   259   8     0   0   291   6   237  10   199  10     0   0
   34    3     0   0     0   0     0   0     0   0     0   0     0   0     0   0
   34    4   367  10   205  13     0   0   255  17   235  18   258  21     0   0
   35    1   423   5   210   8   237   2   209   6   267   6   237   7     0   0
   35    2   408   7   281  10   236   2   239   6   197   7   172  11     0   0
   35    3   449   7   237   8   275   1   240   8   181   7   186   9     0   0
   35    4   362   7   210   7     0   0   244   7   251   6   231   7     0   0
   36    1   334   6   216   7     0   0   209   8   225   6   195   9     0   0
   36    2   462   6   230   5     0   0   181   7   256   5   247   6     0   0
   36    3   329   5   261   7   207   1   194   8   248   8   240   9     0   0
   36    4   399   8   193   6     0   0   247   8   206   8   234  12     0   0
   37    1     0   0     0   0     0   0     0   0     0   0     0   0     0   0
   37    2   366   8   293  18     0   0   211  11   282  15   222  19     0   0
   37    3   506   4   257   6   169   1   334   6   266   6   316   7     0   0
   37    4   362   5   300   9   166   1   272   8   241   9   214  10     0   0
   38    1   400   5   240   6     0   0   263   8   326   8   229   8     0   0
   38    2   333   5   245   9   215   1   247   7   216   8   185   8     0   0
   38    3     0   0     0   0     0   0     0   0     0   0     0   0     0   0
   38    4   317  13   255  15     0   0   224  14   279  12   217  20     0   0
   39    1   326  14   268  14   141   1   236  17   249  18   222  19     0   0
   39    2     0   0     0   0     0   0     0   0     0   0     0   0     0   0
   39    3   413   6   200   7     0   0   220   7   238   5   201   6     0   0
   39    4   605   4   260   6   208   1   204   6   315   6   261   6     0   0
   40    1   405   5   325   8     0   0   222   7   220   8   201   9     0   0
   40    2   272   5   246   6     0   0   201   8   234   7   217   8     0   0
   40    3   348  12   224  14   195   1   219  15   218  15   207  21     0   0
   40    4     0   0     0   0     0   0     0   0     0   0     0   0     0   0
