    1    1   545   6   587   6   305   3   348   8   434   7   874   8     0   0
    1    2   504   8   287   9   339   5   402   8   557  10   978  10     0   0
    1    3   343   3   578   8   163   2   511   9   417   9   992   9     0   0
    1    4  1043   7   713   9     0   0   661   9   318  10  1279  10     0   0
    2    1  1364   7   902   8   238   6   718   9   530   8   961   9     0   0
    2    2  1325   8   863   7   706   8   642   9   686   9   816   9     0   0
    2    3  1312   6  1000   7   398   8   851   9   464   9   801   9     0   0
    2    4  1296   9   979   9   606   9   858  10   607  10   877  10     0   0
    3    1  2210   7  1634   8   469   7   982   8  1141   8  1665   8   421   1
    3    2   488   1  1275   5  1220   3  1573   4  1191   5  2299   4     0   0
    3    3  2012   4  1386   6   637   7  1135   7   961   6  2013   7     0   0
    3    4  2269   1  1721   1   961   3  1200   5  1064   5  2685   5     0   0
    4    1  1079   6   654   8   283   9   747   9   579   9  1248   9     0   0
    4    2  1116   9   700   9   321   7   637   9   469  10   999  10     0   0
    4    3  1069   5   797   8   576   7   687   9   546   9   917   9     0   0
    4    4   916   4  1110   8   157   3   712   8   533   8  1211   8     0   0
    5    1  1369   8   746   9   742   8   777  10   947  10  1857   9     0   0
    5    2  1230   7   924   8   657   8  1016   8  1285   9  1708  10     0   0
    5    3   805   9  1002   8   580   7   992  10   937  10  1574   9     0   0
    5    4  1060   9  1067   7   583   7   999   9  1063  10  1440   9     0   0
    6    1  1485   4   928   8   347   8  1044  10   895   9  1416  10   146   1
    6    2  1184   4   982   7   574   5  1217   8   779   9  1418   9     0   0
    6    3  1069   4  1131   9   273   7   856   9   957   9  1198   9     0   0
    6    4  1463   6   937   9   341   9   983   9  1131  10  1391  10   116   1
    7    1   956   3  1201   7  1042   3   927   7   837   7  1896   7     0   0
    7    2  1199   7   864   9   509   6   739   9   657   9  1478   9     0   0
    7    3  1459   4  1219   6   221   3  1081   7   780   7  1845   7     0   0
    7    4  1272   3   958  10   372   6   986  11   511  11  2574  11     0   0
    8    1   999   9   651   9   426   6   897   9   461   8  1602   9     0   0
    8    2  1037   6  1102   2   835   6   787   7   727   7  1647   7     0   0
    8    3  1268   9   779   8   941   9  1352   9   708  10  1265  10     0   0
    8    4   902   8   427   5  1050   3   903   7   666   8  1363   8     0   0
    9    1  1248   7   830   8   255   4   644   8   732   8  1528   8     0   0
    9    2  1314   7   661   8   401   7   511   8   511   8  1618   8     0   0
    9    3  1469   7   774   8   426   4   758   9   492   9  1354   9     0   0
    9    4  1055   7  1241   6   460   4   513   7   655   7  1385   7     0   0
   10    1  1229   1  1182   4   445   3  1223   4   681   4  1795   4     0   0
   10    2   688   3  1089   6   512   4   654   8   800   8  2266   8     0   0
   10    3  1161   3   986   5   560   3  1069   5   478   5  1269   5     0   0
   10    4   573   3  1364   6   451   6   941   7   739   8  1800   7     0   0
   11    1  1009   9   602  10   300   3   558   9   578  10  2149  10     0   0
   11    2  1046   9   626   8   292   4   587   9   565  10  1890  10     0   0
   11    3  1067   7   617   6   214   2   604   6   561   7  3827   7     0   0
   11    4  1157  12   642  12   221  11   521  13   455  13  2951  13     0   0
   12    1  1340   7  1022  10   337   9   883  10   790  10  1578  10     0   0
   12    2  1093   7   800   9   409   8  1331  10   771  10  1359  10     0   0
   12    3  1112   8   836   8   629   9   772   9   691   9  1430   9     0   0
   12    4  1386   9   825  10   508  10   682  10   669  10  1253  10     0   0
   13    1   734   8   754   9   195   6   591   9   574   9  1098  10     0   0
   13    2   776   4   617   8   198   1   477   8   668   8  1240   7     0   0
   13    3  1057   6   844   9   458   2   470   9   526  10  1322   9     0   0
   13    4   939   6   502   9   358   2   498   8   456   9  1655   9     0   0
   14    1  1288   5  1015   9  1010   2   900   8   729   8  2417   8     0   0
   14    2  1770   5   964   8   579   3   992   8   624   8  1818   8     0   0
   14    3  1319   4   655   5   173   2   760   5   745   5  2122   4     0   0
   14    4  1099   3  1400   9   361   4   931   9   965  10  3302  10     0   0
   15    1  1449  10   807   9   418   7  1041  10   891  10  2161  10     0   0
   15    2  1066   8   908   9   396   7   848  10  1027   9  1718  10     0   0
   15    3  1079   8   934   7   603   8  1211   8   856   8  1908   8     0   0
   15    4  1249   6   749   6   800   5  1396   8   957   9  2673   9     0   0
   16    1  1025   8   974  10   298   9  1230  10   977  10  2256  10     0   0
   16    2  1510   3  1080   9   340   8   845   9   876   9  1674   9     0   0
   16    3  1776   4  1155   6   451   7   954   7   888   7  1500   7     0   0
   16    4   893   7   927  10   257   9   965  11   911  11  2315  11     0   0
   17    1  1763   5  1205   3  2855   1  1520   3   670   5  2708   6     0   0
   17    2   564   5  1154   6   835   5   660   8   570   8  1952   8     0   0
   17    3  1694   3  1338   4   707   2  1178   6   364   6  2158   6     0   0
   17    4   926   5  1065   8   388   3   682   7   416   9  2155  10     0   0
   18    1  1147   9  1171   9   453   9  1029  10   738  10  1571  10     0   0
   18    2  1535   5  1188   9   491   6  1014  10  1044  10  1552  10     0   0
   18    3  1397   8  1379   9   470   5  1027   9   850   9  1072   9     0   0
   18    4  1029   8   907   9   437   8  1012  10   838  10  1375  10     0   0
   19    1  1237  10   882  10   471   9   963  10   724  10  1777  10   473   1
   19    2  1365   8   887   8   512   4  1359   9  1093   9  2291   9   645   2
   19    3  1194   4   916   8  1082   6  1200  10   774   9  2020  10     0   0
   19    4  1372   5  1218  10   629   7  1416   9  1191  10  2388   9     0   0
   20    1   769   9   782   9   629   8   995   9   901  10  2564   9     0   0
   20    2   605  10   809   9   732   7   841   9   708  10  1967   8   485   1
   20    3   445   9   460   8   847   8  1342   9   762  10  1984   5     0   0
   20    4   852   7   685  10   549   8   979  10   654   9  2274   7     0   0
   21    1  1179   4  1228   7   574   6   638   9   865   8  2309   9     0   0
   21    2   945   5   981   7   673   6   767   8   601   7  2383   8     0   0
   21    3  1548   1  1082   8   421   7  1448   9   625   9  1711   9     0   0
   21    4  1384   5  1127   6   591   4  1271   8   582   9  2238  10     0   0
   22    1   655   7  1142  10   203   7   693   9   517  10  2033  10     0   0
   22    2  1365   8   935  10   518   7  1060  10   995  10  3157   8     0   0
   22    3   605   6   969   7  1105   4  1107   7   685   6  1848   7     0   0
   22    4   963  11   752   9   524   8   796  11   831  12  3187  13     0   0
   23    1   954   6   892   9   292   5   640  10   505  10  1659  10     0   0
   23    2   942   7   536   9   445   7   654   9   440   9  1486   9     0   0
   23    3  1112   7   731   8   560   6   585   9   466   9  1051   8  1225   1
   23    4   941   9   603  10   463   7   635  10   478  10  1281  10   488   1
   24    1  1044   8   930  10   607   5   625  10   707  10  2597  10     0   0
   24    2   917   5   869   7   842   3   675   8   589   8  2413   8     0   0
   24    3  1392   4  1142   6   248   2   819   7   657   6  2100   7     0   0
   24    4  1275  10   986  12   196   5   860  12   497  13  3818  12     0   0
   25    1   812   8   807   9   409   7   602  10   404   9  1347  10     0   0
   25    2  1050   9   698  10   244   6   510  10   433  10  1553  10     0   0
   25    3   975   7   752   9   531   6   533   9   666   9  1104   8     0   0
   25    4   809   8   492   7   539   6   643   8   514   9  1331   9     0   0
   26    1   464   6   626   8   416   6   745   8   659   8  2046   8     0   0
   26    2   532   4   835   8   469   6   743   8   628   8  2579   8     0   0
   26    3   283   7   584  10   396   5  1282  10   680  10  1668  10     0   0
   26    4   244   8   553  10   350   7   943  10   802  10  1393  10   271   1
   27    1  1399   8  1325   8   638   7  1381  10   947  10  2833   8     0   0
   27    2  1597   5  1049  10   576   8   841  10   845  10  3431   8     0   0
   27    3  1588   8  1058   8   708   8  1499  10   862  10  5585  10     0   0
   27    4  1711   6  1415   9   574   5  1395   8  1346  10  2588  10     0   0
   28    1   419   3   457   7   462   5   405  10   445  10   816   9     0   0
   28    2   256   2   809   7   535   3   487   9   400   9  1263  10     0   0
   28    3     0   0  1269   5  1549   1   260   6   350   7  1195   7     0   0
   28    4   378   2   571   7   335   1   399  10   342  10  1157  11     0   0
   29    1   898   9   626   9   191   4   691   9   403   9  1025   9     0   0
   29    2  1195   8   672  10   157   7   621  10   402  10  1047  10     0   0
   29    3  1175   5   628   5   114   4   505   6   391   6  1282   6     0   0
   29    4   944   9   614  11   294  10   551  13   407  13  1189  13     0   0
   30    1   828   7   595   8   608   3   647  10   482  10  1612  10     0   0
   30    2   906   8   811   7   400   6   586  10   458  10  1041  10     0   0
   30    3   838  10   657   7   476   6   637  10   476   9  1235  10     0   0
   30    4  1207   7   696   8   407   6   669  10   663  10  1471  10     0   0
   31    1  1929   5   940  10   469   8  1021  10   810  10  2929  10     0   0
   31    2   955   6  1078   8   943   7   627   9   655   9  1761   9     0   0
   31    3  1502   7   956   8   873   6  1033   8   831   9  2038   9  2339   1
   31    4  1038   5   894   9   665   8   732   9   606   9  1846   9     0   0
   32    1   722   8   568   9   456   2   506   9   471   9  1546   9     0   0
   32    2   806   7   551   8   342   5   553   9   355   9  1179   9     0   0
   32    3   891   5   505   5   215   1   406   4   360   5   698   5     0   0
   32    4   925  10   625  10   399   5   470  11   408  11  1244  11     0   0
   33    1   411   1   710   7   243   4   459   8   353   8   803   8     0   0
   33    2   622   3   548   7   182   6   509   9   449   9   688   9     0   0
   33    3   712   4   580   7   295   2   455   9   420   9   776   9     0   0
   33    4   501   4   743  10   198   5   638   9   544  10  1726  10     0   0
   34    1   752   6   764   7   685   2   654   9   467   9  1256   9     0   0
   34    2  1042   5   839   5   390   3   592   7   566   7  1420   7     0   0
   34    3  1153   2   672   3   167   2   489   3   706   3  2506   3     0   0
   34    4  1295   9   829   7   682   8   565  10   638  10  1226  10     0   0
   35    1   633   8   886   8   548   5   569  10   394  10  1804   9     0   0
   35    2   924  10   639   9   464   4   299   9   470  10  1539   9     0   0
   35    3  1183   8   940   9   125   3   858  10   497  10  1138   7     0   0
   35    4   869   6   877   8   460   5   556   8   500   8  2205   9   449   1
   36    1   720   6   952   7   373   1   358   8   422   9  2220   9     0   0
   36    2   769   5   544   9   408   3   566   9   392  10  2946  10     0   0
   36    3   782   8   897  10   175   2   523  10   363  10  1829  10     0   0
   36    4   793   8   709   7   253   3   559  10   755  10   915   9     0   0
   37    1  1209   9   971  10   337   6   908  10   764   9  2218   9     0   0
   37    2  1945   7  1245   7   451   8   969  10   851   8  1979   9     0   0
   37    3  1769   8  1295  10   426   7  1381   9   832  10  1645   9     0   0
   37    4  1631   7  1688   8   789   6   901   8  1053   9  1762   8     0   0
   38    1  1451   7  1078  10   453   7   864  10   795  10  2201  10     0   0
   38    2  1221   7  1090   9   312   6   859  10   661  10  1907  10     0   0
   38    3  1404   9  1225  10   355   8   735   9   665  10  1359   7     0   0
   38    4  1220   9   921   9  1357   3  1142  10   653  10  1435   9     0   0
   39    1  1169   6   939   9   344   5   672  10   492  10  1959  10     0   0
   39    2  1217   3   591   8   253   6   499   9   430  10  1550   9     0   0
   39    3  1004   2   728   9   274   6   557  10   552  10  1723  10     0   0
   39    4   794   4   743   9   315   6   493   9   494   9  1613   9     0   0
   40    1   879   7   421   7   322   4   810   9   464   9  1736  10     0   0
   40    2   744   5   577   7   401   4   502  10   634  10  1553  10     0   0
   40    3  1010   4   799   6   223   2   545   7   409   7  1152   7     0   0
   40    4   885   5  1039  11   466   4   720  13   531  12  1491  13     0   0
