    1    1   341  12   237   7   196   1   285   8   235  10   240   9     0   0
    1    2   446   5   197   5     0   0   224   6   233   6   236   8     0   0
    1    3   356   6   254   7     0   0   252   5   320   4   303   5     0   0
    1    4   339   8   199   6     0   0   224   6   221   6   258   5   449   1
    2    1   417   7   222   7     0   0   198   7   244   6   239   6     0   0
    2    2   368   7   236   3   261   2   216   5   251   5   202   6     0   0
    2    3   404   9   252  10     0   0   166   7   251   9   229  10     0   0
    2    4   298   9   194   6   164   1   218   6   269   2   264   7     0   0
    3    1   364   8   219   6     0   0   244   7   262   8   240   6     0   0
    3    2   315  11   236   7   141   1   186   9   280   8   204  11     0   0
    3    3   320   8   206   9   223   3   243   7   246   9   189   7     0   0
    3    4   281   6   204   5   204   1   265   7   198   5   306   4     0   0
    4    1   306   8   278  10   267   1   206   9   260   9   229   7     0   0
    4    2   337   8   239   6     0   0   249   7   221   6   196   7     0   0
    4    3   346   8   188   8     0   0   218   6   236   6   167   7     0   0
    4    4   330   9   267   9     0   0   235   7   222  11   287   8     0   0
    5    1   340  10   275  11     0   0   209  10   230  12   206   9     0   0
    5    2   347   5   217   6     0   0   229   4   287   5   235   6     0   0
    5    3   432   7   210   4     0   0   258   7   306   6   270   7     0   0
    5    4   403   7   238   8   129   1   226   9   216   4   195   7     0   0
    6    1   492   8   256   8   158   1   218   6   279   7   259   8     0   0
    6    2   408   5   243   4   243   1   300   5   189   6   198   3     0   0
    6    3   446   9   248  11     0   0   242  10   231  10   220  12     0   0
    6    4   404   6   221   6   155   1   283   5   213   5   232   6     0   0
    7    1   329   7   247   7   522   2   208   8   312   6   248   8     0   0
    7    2   275  10   213   8     0   0   212   7   218   8   190  10     0   0
    7    3   289   7   224   8   328   1   239   8   222   7   280   8     0   0
    7    4   306   6   331   4     0   0   216   7   296   5   240   5     0   0
    8    1   284   8   202  10     0   0   229   4   217   9   198   8     0   0
    8    2   354   7   190   7   321   1   212   6   211   6   204   6     0   0
    8    3   338   8   190   8     0   0   234   6   242   9   257   8     0   0
    8    4   341  11   259  10   179   1   276   9   261  12   235   8     0   0
    9    1   299  11     0   0     0   0     0   0     0   0     0   0     0   0
    9    2   340   7   241   5     0   0   255   4   306   6   200   8     0   0
    9    3   410   6   243   4     0   0   340   7   248   5   218   4     0   0
    9    4   435   5   213   6     0   0   224   7   238   5   203   9     0   0
   10    1   334   7   246   6     0   0   237   6   213   7   237   5     0   0
   10    2   322   7   238   4     0   0   208   6   190   6   198   6     0   0
   10    3     0   0     0   0     0   0     0   0     0   0     0   0     0   0
   10    4   304  16   273  14     0   0   259  13   189  18   270  15     0   0
   11    1   323  20   253  15     0   0   208  12   247  12   213  16     0   0
   11    2     0   0     0   0     0   0     0   0     0   0     0   0     0   0
   11    3   281   9   195   8     0   0   231   6   210   8   198   4     0   0
   11    4   343   7   279   5     0   0   191   7   266   6   226   4     0   0
   12    1   406   7   178   6     0   0   221   8   207   9   231   8     0   0
   12    2   328   8   283   6     0   0   264   8   319   7   232   6     0   0
   12    3   337   5   233   5   269   1   221   3   241   5   245   5     0   0
   12    4   352   8   228   6   184   1   184   8   231   5   152   8     0   0
   13    1     0   0     0   0     0   0     0   0     0   0     0   0     0   0
   13    2   338  16   255  15     0   0   224  17   222  15   208  17     0   0
   13    3   320   6   210   8   238   1   233   8   241   8   301   7     0   0
   13    4   294   9   216   5     0   0   240   6   192   5   190   7   271   1
   14    1   284   4   286   4   287   1   203   4   315   5   262   4     0   0
   14    2   287   9   260   5   386   1   229   7   202   6   188   8     0   0
   14    3   299   8   194   9     0   0   231   7   163   4   190   9     0   0
   14    4   325   8   191   5   287   1   233   8   224   2   234   7     0   0
   15    1   292  17   249  15   326   1   223  14   284  14   202  16     0   0
   15    2     0   0     0   0     0   0     0   0     0   0     0   0     0   0
   15    3   472   8   248   5     0   0   208   8   236   6   192   9     0   0
   15    4   341   7   198   4     0   0   215   5   215   2   251   4     0   0
   16    1   293   7   195   3     0   0   224   6   292   5   235   6     0   0
   16    2   272   7   300   4   212   2   178   6   239   5   235   4     0   0
   16    3   262   7   222   7     0   0   217   6   290   5   232   7     0   0
   16    4   344  12   223   8     0   0   250   6   211   9   198   6     0   0
   17    1     0   0     0   0     0   0     0   0     0   0     0   0     0   0
   17    2   309  15   199  13   325   1   238  17   222  15   228  11     0   0
   17    3   362   6   246   5     0   0   302   7   255   5   203   5     0   0
   17    4   401   8   234   4     0   0   194   5   227   6   260   6     0   0
   18    1   309   7   312   6     0   0   221   7   267   7   195   6     0   0
   18    2   347   7   224   6   256   1   212   8   190   7   209   8     0   0
   18    3     0   0     0   0     0   0     0   0     0   0     0   0     0   0
   18    4   385  16   195  19     0   0   240  15   239  13   218  17     0   0
   19    1   324   6   179   5     0   0   214   6   265   6   204   8     0   0
   19    2   281   8   248   9     0   0   215   6   208  12   257  10     0   0
   19    3   423   9   188   8   229   3   220   9   219   9   199   7     0   0
   19    4   326   6   305   7     0   0   227   7   238   6   211   6     0   0
   20    1   245   5   217   7     0   0   230   7   210   5   188   8     0   0
   20    2   318   6   191   4   170   1   290   5   276   4   242   6     0   0
   20    3   330   6   261   6   200   3   216   7   285   5   182   5     0   0
   20    4   342   9   213   7   200   1   218   8   232   7   183   9     0   0
   21    1   305  10   252   9     0   0   231  10   253   8   273  10     0   0
   21    2   378   5   194   7   273   3   188   4   220   5   230   4     0   0
   21    3   406   7   249   7     0   0   222   5   203   6   251   5     0   0
   21    4   320   8   215   7     0   0   223   7   244   6   203   6     0   0
   22    1   336   5   201   8   229   1   214   6   203   7   265   6     0   0
   22    2   342   8   226   8     0   0   306   7   236   8   262   7     0   0
   22    3     0   0     0   0     0   0     0   0     0   0     0   0     0   0
   22    4   301  12   245  13     0   0   206  16   224  16   224  15     0   0
   23    1   296  17   258  17     0   0   227  11   187   8   232  15     0   0
   23    2     0   0     0   0     0   0     0   0     0   0     0   0     0   0
   23    3   264   7   233   4     0   0   179   6   225   4   192   3     0   0
   23    4   404   7   192   5   179   1   204   6   217   8   212   7     0   0
   24    1   437   7   209   5   200   1   195   6   209   4   289   8     0   0
   24    2   406   7   229   5     0   0   238   6   202   4   271   4     0   0
   24    3   312   6   192   7   270   1   296   5   233   8   274   8     0   0
   24    4   334   8   212   7     0   0   204   8   229   9   227   8     0   0
   25    1     0   0     0   0     0   0     0   0     0   0     0   0     0   0
   25    2   329  14   253  15   280   2   238  14   220  12   241  16     0   0
   25    3   361   7   172   5   257   1   264   6   289   6   267   5     0   0
   25    4   308   8   273   6     0   0   232   9   187   6   299   6     0   0
   26    1   324   7   291   8   213   1   248   8   257   7   239   8     0   0
   26    2   344   8   191   6   415   1   220   5   237   6   147   7     0   0
   26    3   405  10   296  10   244   1   218   8   285   7   229  11     0   0
   26    4   383   6   248   7     0   0   238   8   248   4   184   6     0   0
   27    1   315  18   234  17   244   5   185  16   235  15   266  16     0   0
   27    2     0   0     0   0     0   0     0   0     0   0     0   0     0   0
   27    3   404   8   253   5     0   0   298   6   237   8   233   4     0   0
   27    4   239   5   244   4   258   2   209   6   223   6   189   4     0   0
   28    1   338   7   237   6     0   0   269   7   276   3   211   5     0   0
   28    2   277   6   251   3   180   2   184   4   220   4   177   5     0   0
   28    3   371  15   189  19     0   0   250  15   256  16   195  14     0   0
   28    4     0   0     0   0     0   0     0   0     0   0     0   0     0   0
   29    1   420   8   224   8     0   0   286   7   244   7   240   8     0   0
   29    2   340   9   270   4   444   1   270   7   242   4   247   6     0   0
   29    3   344   4   216   5     0   0   298   5   299   5   213   3     0   0
   29    4   327   5   255   6   184   1   206   6   215   8   283   8     0   0
   30    1   392   8   260   7     0   0   324   7   299   8   260   8     0   0
   30    2   355  10   300   6     0   0   208   8   269   7   205   8     0   0
   30    3   312  10   246   7     0   0   209   9   275   8   248  10     0   0
   30    4   430   9   177   7   235   1   239   6   251   5   239   7     0   0
   31    1   260   8   209   7   420   1   195   7   242   8   277   7     0   0
   31    2   317  11   212  10     0   0   269   8   236   9   278   7     0   0
   31    3   418   8   233   9     0   0   172   6   202   7   232   8     0   0
   31    4   352   6   250   7     0   0   229   7   211   5   256   6     0   0
   32    1   335   7   208   7     0   0   218   6   297   7   223   6     0   0
   32    2   379   6   279   5     0   0   250   3   188   6   268   6     0   0
   32    3   318   8   183   5     0   0   187   6   245   7   194   5     0   0
   32    4   293   6   204   7     0   0   215   8   178   5   211   8     0   0
   33    1     0   0     0   0     0   0     0   0     0   0     0   0     0   0
   33    2   358  17   189   9     0   0   236  12   234  10   223  15     0   0
   33    3   361   6   202   7     0   0   243   7   201   8   249   5     0   0
   33    4   255   8   218   7   141   1   307   7   202   8   244   6     0   0
   34    1   294   6   235   6   168   1   284   6   172   7   236   5     0   0
   34    2   365   6   221  10     0   0   262   5   205   8   224   7     0   0
   34    3     0   0     0   0     0   0     0   0     0   0     0   0     0   0
   34    4   353  19   268  14     0   0   269  16   226  16   238  15     0   0
   35    1   414   8   186   7   187   1   260   7   256   5   183   7     0   0
   35    2   368  11   235   8     0   0   235   8   195   6   159  10     0   0
   35    3   449   7   258   8   275   1   270   8   206   5   192   6     0   0
   35    4   362   7   213   6     0   0   227   6   283   4   197   7     0   0
   36    1   318   8   225   7     0   0   205   7   241   7   198   6     0   0
   36    2   466   5   172   4     0   0   190   5   306   5   267   4     0   0
   36    3   331   8   252   8   207   1   203   9   224   6   209   5     0   0
   36    4   385   9   195   8     0   0   214   9   211   9   261   8     0   0
   37    1     0   0     0   0     0   0     0   0     0   0     0   0     0   0
   37    2   388  16   208  12     0   0   234  14   209  12   222  16     0   0
   37    3   481   7   221   5   293   1   331   6   301   7   301   5     0   0
   37    4   386   7   254   7     0   0   228   6   246   9   194   8     0   0
   38    1   400   5   252   7     0   0   277   7   326   8   240   7     0   0
   38    2   340   6   243   7   215   1   219   4   218   8   212   6     0   0
   38    3     0   0     0   0     0   0     0   0     0   0     0   0     0   0
   38    4   311  18   258  12     0   0   261  17   223  14   241  17     0   0
   39    1   338  18   240  19     0   0   244  17   266  17   218  19     0   0
   39    2     0   0     0   0     0   0     0   0     0   0     0   0     0   0
   39    3   375   7   259   9     0   0   247   9   274   7   231   8     0   0
   39    4   605   4   276   7   208   1   231   6   376   5   254   5     0   0
   40    1   403   8   287   9     0   0   213   7   239   8   180   6     0   0
   40    2   255   7   231   7   247   1   210   8   182   5   209   6     0   0
   40    3   338  16   244  17   195   1   225  17   212  11   213  14     0   0
   40    4     0   0     0   0     0   0     0   0     0   0     0   0     0   0
