    1    1  1536   9  1078   8   585   2   819   8  2029   8  1275   2     0   0
    1    2  1866  10  1066  10   154   1   631   9  1777  10  1398   5     0   0
    1    3  1334   7   645   7   171   1  1024   7  1024   6  2315   3     0   0
    1    4  1598   9   997   9     0   0   935  10  1484  10  1519   9     0   0
    2    1  1612   8   975   8   392   2   810   8   851   8  2129   4     0   0
    2    2  1679  10   629   9   315   4   843   9  1077  10  1364   5     0   0
    2    3  1552   5  1629   6   204   1   763   6   998   6  1572   4     0   0
    2    4  1417  11   906  13   599   5   465  13  1217  13  3491   6     0   0
    3    1   972   8   665  10   257   6   474  10   458  10  1445  10     0   0
    3    2  1136  10   482  10   213   7   567  10   524  10   865   9     0   0
    3    3  1065  10   692  10   489   4   623   9   394  10  1105   9     0   0
    3    4  1206   8   839   8   341   6   529   9   686   9  1331   9     0   0
    4    1  1457  10   799   9   535   4   756  10   526  10  2514  10     0   0
    4    2  1057   8   844   7   862   4   584   9   649   9  3109   9     0   0
    4    3  1646   6   832   7   394   3   659   6   524   7  1813   7     0   0
    4    4  1271  11  1056  13   967   3   707  11   460  12  3608  12     0   0
    5    1  1207   8   463   7  1228   3   369   9   443   8  1439   8     0   0
    5    2  1005  10   640   9   464   4   357   8   315   9  1503   9     0   0
    5    3  1139  10   987   9   344   5   747  10   653   8   880   6     0   0
    5    4   923   8   873   7   651   5   508   7   449   9  1982   8   449   1
    6    1  2394   8  1373   8   470   6  1127   8  1017   8  1717   7   421   1
    6    2  3932   4  1672   4  1257   1  1074   6  1179   6  1670   2     0   0
    6    3  2511   5  1186   7   798   4  1140   7  1194   6  1632   6     0   0
    6    4  2269   1  1354   3   418   2   952   4   850   4  1473   3     0   0
    7    1  1799   8   834   7  1316   2   498   5   448   6  2163   6     0   0
    7    2  1239   9   233   8   370   5   571   8   409   9  1278   9     0   0
    7    3  2309   5   619   5   965   4   462   5   606   6  1135   6     0   0
    7    4  1234  10  1045   9   265   1   430   7   440  11  1255  11     0   0
    8    1  1084   9  1119   9   334   7   618  10   666  10  1647  10     0   0
    8    2  1843   9   784   9   688   6  1396  10   535  10  2790   8     0   0
    8    3   983   6  1511   6   341   2   887   6   451   6  1515   6     0   0
    8    4  1187  13   707  10   600   4  1009  12   977  13  2535  13     0   0
    9    1  1412   9  1113   9   546   5   907   9   892  10  1532   8     0   0
    9    2  2407   8   979  10   551   5   887  10  1042   8  1515   6     0   0
    9    3  2239   9  1231   9   729   4  1398   9   928   9  1536   7     0   0
    9    4  2009   8  1886   9   387   4   872   9  1253   8  1043   6     0   0
   10    1  1960   6  1531  10     0   0   751  10  1474  10  2407   7     0   0
   10    2  2110   9   923   8   477   1   552  10  1072   9  1833   4     0   0
   10    3  1656   8  1448   9   293   4   795   8   998   9  2129   7  2339   1
   10    4  1687   6  1491  10   246   2   804  10  1057   9  1359   6     0   0
   11    1  1047  10   692   8   143   2   583  10   616   9   841  10     0   0
   11    2  1043   8   611   8     0   0   679   9   750   9  1060   7     0   0
   11    3  1308  10   454   6   159   4   666  10   539  10   948   8     0   0
   11    4  1064  10   471   8   197   1   533   9   741   9  1137   9     0   0
   12    1  1142   8   626   9   366   5   531  10   430  10  1348  10     0   0
   12    2   914   7   585   9   398   4   574  10   468   9  1346  10     0   0
   12    3  1079   5   649   7   272   3   475   7   406   7  1014   7     0   0
   12    4  1275   9   876  13   433   5   576  12   537  12  1216  12     0   0
   13    1   656  10   590  10   371   4   565  10   518  10  1375  10     0   0
   13    2  1065  10   671  10   164   5   441  10   312  10  1024  10     0   0
   13    3  1081   6   569   6   215   1   427   6   440   6   771   5     0   0
   13    4  1075  11   437  12   366   7   438  12   532  12  1112  12     0   0
   14    1  1622   8  1145   7   508   5   898   7   804   6  1250   8     0   0
   14    2  1187   5   492   2   932   4  1284   5   926   6  1271   6     0   0
   14    3  1933  10  1082   8  1684   4   527  10   655  10  1090   9     0   0
   14    4  1109   8   683   3   737   5   876   8   732   8  1269   8     0   0
   15    1   864   9   635   8   342   5   790   9   574   8  1467   9     0   0
   15    2   876   8   812   8   217   4  1026   7  1187   7  1772   8     0   0
   15    3   788  10   878  10   366   6   753  10   837  10   951  10     0   0
   15    4   596   9   949  10   359   8   853  10   518  10  1034  10   271   1
   16    1  1195  10   567   8   373   1   450   8  1125  10  1755   7     0   0
   16    2   797   7   585   9   530   2   573   8  1338  10  2493   6     0   0
   16    3   872  10   837   9   400   3   555  10   336  10  1765   9     0   0
   16    4   962   9   642   9   144   1   498   6   663   9   586   8     0   0
   17    1   527   6   349   7   386   5   589   9   356   9   833  10     0   0
   17    2   504   8   437   9   454   4   383   8   497   9   587  10     0   0
   17    3   683   2   484   9   289   1   531   9   420  10   651  10     0   0
   17    4   748   9   722   9   184   1   636  10   494   9   860  10     0   0
   18    1  1497   9   886   8   663   8   715  10   790   9  1421  10     0   0
   18    2  1673   8   892   8   631   6  1335   9   515   9  1002   9     0   0
   18    3  1412   9   746   9   529   9   750   9   720   9  1233   8     0   0
   18    4  1679  10   735   9   669   9   758  10   713  10  1029   7     0   0
   19    1  1434   8  1152  10   445   7  1004  10   849  10   890   9     0   0
   19    2  1535   5  1315  10   585   7   817  10  1064  10  1262  10     0   0
   19    3  1411  10  1133  10   404   9  1171  10   676  10  1031  10     0   0
   19    4  1540   8   866   8   657   8  1216  10   718  10   829  10     0   0
   20    1  1692  10   640   8   996   6   771  10  1001   9  1811   7     0   0
   20    2  1620   8   886   8   627   8  1375   8  1363   9  1286   7     0   0
   20    3  1499   9   902   9   967   6   993   8  1087  10  1316   7     0   0
   20    4  1653  10   980  10   386   4  1165   9   850   9  1312   5     0   0
   21    1  2051   9  1110  10   559   4  1257  10   704  10  2702   8     0   0
   21    2  2150   8  1224   9   398   2   712   9   764  10  3529   7     0   0
   21    3  2951   9   999  10   383   3  1126   9  2598  10  5387   6     0   0
   21    4  1780   8  1892  10   377   3  1104   9  1169  10  2735   7     0   0
   22    1  1859   6   878   8   378   7   770   9   707   9  1802   9     0   0
   22    2  1457   8   702   9   586   6   736   9   740   8  1650   9     0   0
   22    3  1549   5  1162   9   743   9   668   9   637   9  1070   9     0   0
   22    4  1484   7   782   8   511   7   620   9   817   9  2034   8     0   0
   23    1  2073   9   970   9   581   2   984   9  1119   9  2009   7     0   0
   23    2  1563   9   986   9   388   1   940  10   993  10  1387   6     0   0
   23    3  1781  10  1442   9   440   2   653   9  1037   9  1490   4     0   0
   23    4  1703  10  1257  10     0   0   774  10   929   9  1214   7     0   0
   24    1  1601   5  1133   9   399   2  1305  10  1130   9  1375   2     0   0
   24    2  1479   7  1410   9   257   3   832   9  1024  10  1381   6     0   0
   24    3  1873   6  1108   9   310   2  1245   9   968   9  1252   5     0   0
   24    4  2093   7  1170   8   221   1  1250  10   996  10  1029   5     0   0
   25    1   789   9   443  10   274   7   385  10   352  10   629  10     0   0
   25    2   721   8   524  10   221   6   448  10   375  10   562   9     0   0
   25    3   785   7   394   9   264   6   448   9   372   9   552   9     0   0
   25    4   762   9   562   9   172   5   599   9   370   9  1618   9     0   0
   26    1  1412  10   795  10   325   2   578   9   593  10  1711   8     0   0
   26    2  1087   7   644  10   209   3   365  10   800  10  1452   5     0   0
   26    3  1022   9   537  10   516   5   595  10  1174  10  1145   5     0   0
   26    4   929   9   735   9   127   3   560   8   578   9  2192   5     0   0
   27    1  1051  10  1345   8   190   5  1269   9  1035   8  1976   9     0   0
   27    2  1305   7   904   8   243   7  1163   8   808   9  1276   9     0   0
   27    3  1654   5  1048   6   253   6  1173   7  1035   6  1679   6     0   0
   27    4  1055   8  1080  11   298   5   976  12  1632  12  1825   9     0   0
   28    1  1505   7   874   8   246   6   678   9   601   8  1218   6     0   0
   28    2  1703   9   736   8   560   6   607   9   725   9   841   7     0   0
   28    3  1772   6   921   8   271   5   715   9   583   9   989   5     0   0
   28    4  1506   9   947  10   393   7   832  10   663  10   925   8     0   0
   29    1   538   6   478   9   607   3   336   8   522   9   564   6     0   0
   29    2   943   7   484   9   234   1   530  10   655   8   850   7     0   0
   29    3   738   4   871   7   969   2   263   5   476   7  1156   6     0   0
   29    4   547   8   325  12   335   1   328  13   373  13  1643   9     0   0
   30    1  1038   8   703   7   503   1   696   6   887   6   951   6     0   0
   30    2  1336   6   840   8   657   3   484   6   540   7  1297   8     0   0
   30    3  1185   3   691   5   167   2   606   5   488   5  1856   5     0   0
   30    4  1659  11   846  11   420   3   552  10   755  11  1253   8     0   0
   31    1   709   9   704  10   685   8   971  10   874  10  2011  10     0   0
   31    2   562  10   810   7   878   7   773  10   583  10  1727  10     0   0
   31    3   841  10   803   9   715   8  1094   9   650   9  1208   8     0   0
   31    4   774   9   529  10   599   8  1102  10   694   9  1610   7     0   0
   32    1  1248   9   686  10   613   6   884  10  1071  10  1532  10     0   0
   32    2  1083   9   931   9   391   7   936  10   779   9  1220  10     0   0
   32    3  1286   7   970   7   435   8  1192   8   916   8  1502   7     0   0
   32    4  1237   8  1261   9   501   8  1087  10   886  10  1607  10     0   0
   33    1  1102  10   593   8   307   3   782   9   634  10   848   8     0   0
   33    2  1193   9   420   9   375   4   715   9   666   8   779   7     0   0
   33    3  1297  10   555   9   375   6   636   7   835  10   853   7     0   0
   33    4  1081  10   562   9   552   5   684  10   701  10   968   6     0   0
   34    1  1050  10   633   9   295   4   406   8   677   9  1685   9     0   0
   34    2  1136  10   479  10   251   5   504  10   583   9  1442  10     0   0
   34    3  1067   7   642   7   295   4   590   7   406   7  3082   7     0   0
   34    4  1294  12   536  12   228   9   542  12   848  13  2224  13     0   0
   35    1  1290   6   740   6   333   6  1009   6   607   6  1579   6     0   0
   35    2   654   4   806   4   693   3   681   4  1043   5  1636   5     0   0
   35    3  1013   5  1018   7   891   4   901   7   719   7  2178   7     0   0
   35    4   989   6   975   7   539   5   982   6   515   7  1641   7     0   0
   36    1  1004   9   679  10   266   5   582  10   521  10  1535  10     0   0
   36    2   991   9   484   9   297   7   621   9   501   9  1367   9     0   0
   36    3  1212   9   769   8   392   5   621  10   540  10   892   9  1225   1
   36    4   965  10   577   9   639   7   644   9   438  10  1218  10   488   1
   37    1  1344   7   822   8   307   5   576   9   622   9  1111   7     0   0
   37    2  1380   9   699   9   267   6   556  10   512   9   962   9     0   0
   37    3  1482   7   900  10   268   3   505   8   709  10   811   7     0   0
   37    4  1505   9   839   7   170   2   548   9   519   9  1022   8     0   0
   38    1  1435  10   922  10   422   9   866  10   799  10  1703   9   473   1
   38    2  1448   9  1053   8   319   3  1349   9  1163   7  1642   9   730   1
   38    3  1543  10  1032   8   339   2  1083  10   870  10   938   6     0   0
   38    4   914   8  1054   9   881   5  1532   8  1503   9  1686   7     0   0
   39    1   996   9   630   8   212   6   649   8   323   8  1027   8     0   0
   39    2  1128  10   695  10   166   4   592  10   357  10  1006  10     0   0
   39    3  1175   5   668   6   113   3   549   6   376   6  1182   6     0   0
   39    4   861  13   674  13   233   6   562  13   401  13  1131  11     0   0
   40    1  1413   8   819   9   202   2   635   9   706   9  1433   9     0   0
   40    2  1500   8   669   9   377   3   611   8   524   9  1585   9     0   0
   40    3  1733   7   713   8   342   3   628   9   693   9  1203   8     0   0
   40    4  1337   8  1041   8   533   3   499   8   654   8  1571   8     0   0
