    1    1  1056   6   548   8   237   2   437   8   469   8   963   2     0   0
    1    2  1247   7   573  10   154   1   512   9   470  10   514   5     0   0
    1    3  1334   7   559   7   171   1   473   7   544   6  1145   3     0   0
    1    4  1357   8   929   9     0   0   623  10   605  10   709   8     0   0
    2    1  1306   6   687   8   137   2   469   8   532   8  1279   3     0   0
    2    2  1279   7   556   9   135   3   526   9   359  10   746   5     0   0
    2    3  1376   4   749   6   204   1   763   6   431   6   889   4     0   0
    2    4  1241   9   506  12   172   5   452  13   393  12   507   6     0   0
    3    1   972   8   614  10   224   6   474  10   373  10  1007  10     0   0
    3    2  1033   9   435  10   213   7   567  10   505  10   802   9     0   0
    3    3  1065  10   572  10   170   4   623   9   394  10   861   9     0   0
    3    4  1054   7   839   8   179   6   458   9   452   9   933   9     0   0
    4    1  1132   7   758   9   225   4   579  10   422  10  1386   8     0   0
    4    2  1057   8   844   7   224   4   507   9   649   9  1262   9     0   0
    4    3  1646   6   832   7   220   3   659   6   524   7  1279   7     0   0
    4    4  1077   9   863  13   134   3   707  11   460  12  1318  11     0   0
    5    1   912   7   390   7   246   3   333   9   443   8   544   8     0   0
    5    2  1005  10   640   9   230   4   357   8   315   9   688  10     0   0
    5    3  1139  10   688   9   138   5   417  10   567   8   586   7     0   0
    5    4   923   8   629   7   244   5   347   7   335   9  1064   8   449   1
    6    1  1561   3  1373   8   364   6  1127   8   846   8  1289   7   236   1
    6    2  1950   1   841   3   405   1   757   6   758   6  1323   2     0   0
    6    3  1399   1   877   7   359   4   707   7   790   7  1282   5     0   0
    6    4     0   0  1225   3   174   2   952   4   720   4  1160   3     0   0
    7    1   667   6   773   7   160   2   455   6   329   6   509   6     0   0
    7    2   940   7   233   8   194   5   279   8   297   9   748   9     0   0
    7    3  1036   3   619   5   282   4   401   5   399   6   507   6     0   0
    7    4  1072  10   485   9   265   1   430   7   425  11   753  10     0   0
    8    1   817   8   851   8   201   7   618  10   666  10  1171  10     0   0
    8    2  1469   5   784   9   289   6   654  10   535  10   837   9     0   0
    8    3   983   6   982   6   243   2   746   6   451   6  1234   5     0   0
    8    4   901  12   461  10   225   5   518  11   443  13   879  12     0   0
    9    1  1335   8   784   9   283   5   705   9   572  10  1075   6     0   0
    9    2  1690   4   856  10   232   5   887  10   518   8   863   7     0   0
    9    3  1391   4   968   9   201   4   868   9   762   9  1168   7     0   0
    9    4  1320   5   814   9   302   4   821   9   622   9   709   5     0   0
   10    1  1472   4   742  10     0   0   681  10   871  10  1266   6     0   0
   10    2  1518   6   470   8   332   1   491  10   516   9   507   4     0   0
   10    3  1362   6   739   9   172   4   741   8   522   9   829   6   322   1
   10    4  1010   4   600  10   155   2   727  10   351   9   542   6     0   0
   11    1  1047  10   602   8   143   2   565  10   582   9   600  10     0   0
   11    2  1043   8   308   8     0   0   586   9   493   9   591   6     0   0
   11    3  1030   9   352   6   159   4   536  10   488  10   759   8     0   0
   11    4  1064  10   471   8   197   1   504   9   424   9   793   9     0   0
   12    1  1142   8   578   9   366   5   531  10   430  10   789  10     0   0
   12    2   914   7   366   9   177   4   487  10   359   9   708  10     0   0
   12    3  1079   5   649   7   229   3   475   7   355   7   968   7     0   0
   12    4  1175   8   622  13   293   5   576  12   428  12   804  11     0   0
   13    1   656  10   484  10   221   4   548  10   379  10   943  10     0   0
   13    2   796   9   497  10   164   5   441  10   312  10   744  10     0   0
   13    3  1081   6   569   6   215   1   427   6   371   6   771   5     0   0
   13    4   817  10   424  12   171   7   392  12   445  12   789  12     0   0
   14    1  1383   6   774   7   233   5   754   7   804   6  1014   8     0   0
   14    2  1187   5   492   2   294   4   584   5   627   6   911   5     0   0
   14    3  1322   6   823   9   241   4   407  10   580  10   659   9     0   0
   14    4  1109   8   612   3   261   5   513   8   396   7  1194   8     0   0
   15    1   864   9   422   8   167   5   438   9   524   8   617   9     0   0
   15    2   876   8   499   8   217   4   459   7   548   7   958   7     0   0
   15    3   702  10   571  10   208   6   439  10   502  10   734  10     0   0
   15    4   596   9   479  10   189   8   723  10   466  10   778  10   271   1
   16    1   901   8   387   8   216   1   376   8   370  10   543   7     0   0
   16    2   797   7   411   9   219   2   510   8   350  10   864   6     0   0
   16    3   872  10   395   8   182   3   382  10   336  10   546   9     0   0
   16    4   962   9   348   9   144   1   498   6   308   9   358   7     0   0
   17    1   527   6   323   7   146   5   296   9   356   9   455  10     0   0
   17    2   504   8   390   9   162   4   243   8   247   9   368  10     0   0
   17    3   683   2   484   9   163   1   335   9   330  10   388  10     0   0
   17    4   581   9   514   9   184   1   392  10   349   9   498  10     0   0
   18    1  1411   8   806   8   246   8   651  10   637   9   965  10     0   0
   18    2  1243   7   613   8   253   6   505   9   448   9   867   9     0   0
   18    3  1332   8   746   9   277   9   562   9   536   9   759   7     0   0
   18    4  1405   8   471   9   209   9   680  10   462  10   944   7     0   0
   19    1  1262   7   956  10   249   7   778  10   759  10   890   9     0   0
   19    2  1089   3  1224  10   424   7   739  10  1064  10   830   7     0   0
   19    3  1166   8  1052  10   330   9   812  10   676  10   745  10     0   0
   19    4  1407   7   778   8   310   8   809  10   718  10   807  10     0   0
   20    1  1299   7   640   8   691   6   709  10   763   9  1382   6     0   0
   20    2  1366   6   837   8   575   8   995   7   873   9  1174   7     0   0
   20    3  1148   7   902   9   715   6   614   8   863  10   689   6     0   0
   20    4  1229   7   691  10   386   4   736  10   594   9   951   6     0   0
   21    1  1583   6   790  10   345   4   659  10   548  10   767   9     0   0
   21    2  1649   3   949   9   237   2   647   9   441  10   667   8     0   0
   21    3  1522   4   905  10   269   3   831   9   609  10   709   6     0   0
   21    4  1627   7   857  10   193   3   878   9   562  10   709   7     0   0
   22    1  1237   3   878   8   227   7   677   9   689   9   843   8     0   0
   22    2  1351   7   681   9   350   6   685   9   670   8  1006   9     0   0
   22    3  1386   4   929   9   252   9   652   9   533   9   553   8     0   0
   22    4  1394   6   630   8   256   7   563   9   395   9  1147   8     0   0
   23    1  1080   6   603   9   198   2   807   9   628   9   520   7     0   0
   23    2  1104   7   333   9   189   1   467  10   406  10   454   6     0   0
   23    3  1353   7   643   9   236   2   598   9   552   9  1097   4     0   0
   23    4  1439   8   697  10     0   0   717  10   544  10   784   7     0   0
   24    1  1425   4   728   9   321   2   642  10   499   9   731   2     0   0
   24    2  1479   7   577   9   257   3   570   9   478  10   366   5     0   0
   24    3  1254   2   647   9   310   2   541   8   609   9   617   5     0   0
   24    4  1761   4   769   8   221   1   609  10   552  10   314   5     0   0
   25    1   789   9   443  10   141   7   385  10   352  10   603  10     0   0
   25    2   721   8   319  10   137   6   448  10   375  10   533   9     0   0
   25    3   785   7   346   9   148   6   448   9   372   9   552   9     0   0
   25    4   762   9   546   9   172   5   513   9   370   9   712   8     0   0
   26    1  1246   9   493  10   228   1   501   9   453  10   408   8     0   0
   26    2   907   6   454  10   138   3   365  10   370  10   391   5     0   0
   26    3  1002   9   515  10   270   5   440  10   538  10   705   5     0   0
   26    4   929   9   493   9   127   3   351   8   408   9   869   5     0   0
   27    1  1097  10   795   9   190   6   777   9   843   9  1033  10     0   0
   27    2  1305   7   904   8   222   7   923   8   808   9  1109   9     0   0
   27    3  1372   3   947   6   230   6   834   7   838   6  1075   6     0   0
   27    4  1055   8   870  11   263   5   808  12   862  12   858   9     0   0
   28    1  1378   6   874   8   216   6   616   9   527   8  1164   6     0   0
   28    2  1475   8   736   8   276   6   607   9   425   9   779   7     0   0
   28    3  1304   4   819   8   243   5   587   9   492   9   989   5     0   0
   28    4  1350   8   947  10   182   6   692  10   578  10   658   8     0   0
   29    1   597   6   478   9   166   3   203   9   294  10   533   7     0   0
   29    2   943   7   300   9   234   1   335  10   331   8   454   7     0   0
   29    3   738   4   420   7   217   2   263   5   380   7   618   6     0   0
   29    4   547   8   325  12   335   1   231  13   302  13   394   9     0   0
   30    1   964   7   548   7   162   2   415   7   557   7   724   7     0   0
   30    2  1336   6   495   8   197   3   484   6   460   7   827   8     0   0
   30    3  1185   3   656   5   167   2   558   5   456   5  1205   5     0   0
   30    4  1167   8   636  11   214   3   358  10   485  11   886   8     0   0
   31    1   709   9   704  10   298   8   778  10   874  10  1040   9     0   0
   31    2   480  10   568   7   307   7   411   9   583  10   756  10     0   0
   31    3   674   9   647   9   244   8   691   9   609   9   802   9     0   0
   31    4   774   9   529  10   362   8   489  10   558   9   938   7     0   0
   32    1  1248   9   611  10   253   6   595  10   839  10  1076   9     0   0
   32    2  1083   9   729   9   248   7   582  10   587  10  1027   9     0   0
   32    3   709   5   865   7   272   8   674   8   652   8   640   7     0   0
   32    4   976   7   829   7   311   8   872  10   756  10   872   8     0   0
   33    1  1102  10   513   8   261   3   546   9   307  10   552   8     0   0
   33    2  1045   8   420   9   212   4   406   9   387   8   761   7     0   0
   33    3  1194   9   555   9   214   6   427   7   361  10   828   7     0   0
   33    4  1029  10   412   9   196   5   438  10   356  10   551   6     0   0
   34    1  1081  10   543  10   167   4   392   9   552  10   798  10     0   0
   34    2  1136  10   479  10   173   5   472  10   454   9   698  10     0   0
   34    3  1067   7   642   7   147   4   590   7   365   7   663   7     0   0
   34    4  1089  11   471  12   146   9   474  12   397  13   610  13     0   0
   35    1  1290   6   740   6   207   6   584   6   607   6  1192   5     0   0
   35    2   654   4   451   4   340   3   445   4   704   5  1459   4     0   0
   35    3  1013   5   824   7   401   4   593   7   568   7   938   6     0   0
   35    4   989   6   639   7   165   5   571   6   515   7  1312   6     0   0
   36    1  1004   9   679  10   184   5   582  10   521  10  1241  10     0   0
   36    2   991   9   429   9   179   7   508   9   501   9   994   7     0   0
   36    3  1212   9   645   8   263   5   621  10   449  10   892   9   266   1
   36    4   965  10   577   9   321   7   644   9   375  10   817  10   165   1
   37    1  1344   7   651   8   184   5   576   9   595   9   743   7     0   0
   37    2  1159   7   500   9   191   6   542  10   512   9   513   9     0   0
   37    3  1482   7   596  10   234   3   481   8   359  10   538   7     0   0
   37    4  1234   8   447   7   170   2   424   9   413   9   579   8     0   0
   38    1  1131   9   922  10   304   9   743  10   674  10   947   6   294   1
   38    2   988   7   722   8   319   3   812   9   864   7  1266   8   242   1
   38    3  1057   9   890   8   339   2   718  10   744  10   759   6     0   0
   38    4   872   8   763   9   257   5  1005   8   879   9  1009   6     0   0
   39    1  1029   9   595   9   137   6   633   9   315   9   826   9     0   0
   39    2  1030   9   640  10   166   4   579  10   275  10   821  10     0   0
   39    3  1032   5   621   6   113   3   549   6   376   6   448   5     0   0
   39    4   861  13   498  13   193   6   453  13   333  13   680  11     0   0
   40    1  1394   8   626   9   202   2   562   9   706   9  1185   7     0   0
   40    2  1410   7   436   9   257   3   490   8   524   9   969   7     0   0
   40    3  1493   5   460   8   249   3   485   9   586   9  1054   8     0   0
   40    4  1241   7   421   8   220   3   499   8   421   8  1034   8     0   0
