    1    1     0   9    57   7   100   2    57   7    71   7    50   2     0   0
    1    2     0  10    50  10     0   1    11   9    60  10   100   4     0   0
    1    3     0   7    14   7     0   1    42   7    50   6    50   4     0   0
    1    4     0  10    11   9     0   0    30  10    40  10    75   8     0   0
    2    1     0   8    14   7     0   1    42   7    85   7    50   4     0   0
    2    2     0  10    22   9    33   3    33   9    50  10    60   5     0   0
    2    3     0   5    66   6     0   1     0   6    33   6    50   4     0   0
    2    4     0  13    23  13    80   5     7  13    53  13   100   5     0   0
    3    1     0  10    10  10    16   6     0  10    10  10    30  10     0   0
    3    2     0  10    10  10     0   7     0  10    10  10    11   9     0   0
    3    3     0  10    20  10    50   4     0   9     0  10    50   8     0   0
    3    4     0   9     0   8    33   6    11   9    11   9    33   9     0   0
    4    1     0  10     0   8    25   4    11   9     0   9    55   9     0   0
    4    2     0   9     0   7    75   4    11   9     0   9    55   9     0   0
    4    3     0   7     0   7    66   3     0   6     0   7    42   7     0   0
    4    4     0  13    15  13    33   3     0  12     0  12    76  13     0   0
    5    1     0   9     0   7   100   3     0   9     0   8    77   9     0   0
    5    2     0  10     0   9    75   4     0   8     0   9    50  10     0   0
    5    3     0  10    20  10    40   5    30  10    12   8    50   8     0   0
    5    4     0   8    37   8    60   5    28   7    11   9    62   8     0   0
    6    1     0   8     0   8    16   6     0   8    25   8    14   7   100   1
    6    2     0   6    40   5   100   1    33   6    50   6   100   3     0   0
    6    3     0   7    14   7    75   4    28   7    14   7    33   6     0   0
    6    4     0   4    25   4    50   2     0   4    50   4     0   3     0   0
    7    1     0   9     0   6    50   2    33   6     0   5    66   6     0   0
    7    2     0   9     0   8    60   5    25   8    11   9    22   9     0   0
    7    3     0   6     0   5   100   4    20   5    16   6    57   7     0   0
    7    4     0  10    22   9     0   1     0   8     9  11    27  11     0   0
    8    1     0  10    12   8    28   7     0   9     0   9    55   9     0   0
    8    2     0   9     0  10    66   6    30  10     0  10    60  10     0   0
    8    3     0   6    33   6    50   2    16   6     0   6    16   6     0   0
    8    4     0  13    18  11    80   5    16  12    23  13    76  13     0   0
    9    1     0  10    33   9    40   5    33   9    40  10    11   9     0   0
    9    2     0  10    20  10    40   5     0  10    50   8    25   8     0   0
    9    3     0  10    33   9    25   4    11   9    22   9    28   7     0   0
    9    4     0   9    44   9    25   4    11   9    44   9    16   6     0   0
   10    1     0  10    60  10     0   0    10  10    50  10    57   7     0   0
   10    2     0  10    25   8   100   1    20  10    66   9   100   4     0   0
   10    3     0   9    33   9    50   4    11   9    44   9    71   7   100   1
   10    4     0  10    50  10    50   2    10  10    44   9    66   6     0   0
   11    1     0  10    37   8     0   2    10  10    11   9    11   9     0   0
   11    2     0  10    62   8     0   0    22   9    33   9    28   7     0   0
   11    3     0  10    33   6     0   4    20  10    11   9    12   8     0   0
   11    4     0  10     0   8     0   1    11   9    33   9    50   8     0   0
   12    1     0  10    11   9     0   5     0   9     0   9    22   9     0   0
   12    2     0  10    33   9    50   4    10  10    22   9    30  10     0   0
   12    3     0   7     0   7    33   3     0   7    14   7    14   7     0   0
   12    4     0  13    23  13    40   5     0  12    16  12    41  12     0   0
   13    1     0  10    11   9    25   4    11   9    22   9    44   9     0   0
   13    2     0  10    30  10     0   5     0  10     0  10    30  10     0   0
   13    3     0   6     0   6     0   1     0   6    16   6     0   5     0   0
   13    4     0  11     8  12    42   7     8  12    16  12    45  11     0   0
   14    1     0   8    28   7    40   5    14   7     0   6    12   8     0   0
   14    2     0   5     0   2    75   4    40   5    33   6    33   6     0   0
   14    3     0  10    33   9   100   4     0  10    20  10    33   9     0   0
   14    4     0   8    33   3    60   5    37   8    12   8    12   8     0   0
   15    1     0   9    37   8    40   5    44   9    12   8    22   9     0   0
   15    2     0   8    37   8     0   4    42   7    28   7    25   8     0   0
   15    3     0  10    20  10    50   6    50  10    40  10    20  10     0   0
   15    4     0  10    50  10    50   8    20  10    20  10    20  10     0   0
   16    1     0  10    25   8   100   1    12   8    30  10    40   5     0   0
   16    2     0  10    22   9     0   2    12   8    40  10    33   6     0   0
   16    3     0  10    37   8    33   3    20  10     0  10    55   9     0   0
   16    4     0   9    33   9     0   1     0   6    55   9    33   6     0   0
   17    1     0   6    11   9    40   5    55   9     0   9    30  10     0   0
   17    2     0   8    10  10   100   4    25   8    22   9    10  10     0   0
   17    3     0   4     0  10   100   1    55   9    10  10    30  10     0   0
   17    4     0  10    33   9     0   1    40  10    22   9    25   8     0   0
   18    1     0  10    37   8    75   8    10  10    11   9    55   9     0   0
   18    2     0   8    25   8   100   6    44   9    33   9    25   8     0   0
   18    3     0   9     0   9    66   9    11   9    22   9    28   7     0   0
   18    4     0  10    22   9    66   9    10  10    20  10    28   7     0   0
   19    1     0   9    10  10    28   7    40  10    10  10     0   9     0   0
   19    2     0   9    10  10    42   7    10  10     0  10     0  10     0   0
   19    3     0  10    10  10    22   9    40  10     0  10    20  10     0   0
   19    4     0   9    11   9    62   8    30  10     0  10     0   9     0   0
   20    1     0  10     0   8    16   6    10  10    30  10    14   7     0   0
   20    2     0  10    11   9     0   9    10  10    30  10    14   7     0   0
   20    3     0  10     0   9    33   6    25   8    40  10    42   7     0   0
   20    4     0  10    20  10     0   4    40  10    33   9    50   6     0   0
   21    1     0  10    30  10    50   4    40  10    30  10    70  10     0   0
   21    2     0  10    44   9    50   2    11   9    50  10    50   8     0   0
   21    3     0  10    10  10    33   3    22   9    60  10    83   6     0   0
   21    4     0  10    50  10   100   3    20  10    60  10    71   7     0   0
   22    1     0   9     0   8    42   7    11   9    11   9    44   9     0   0
   22    2     0   9    11   9    83   6    11   9    12   8    55   9     0   0
   22    3     0   9    22   9    88   9     0   9     0   9    55   9     0   0
   22    4     0   9    11   9    28   7    11   9    44   9    50   8     0   0
   23    1     0  10    22   9    50   2    11   9    66   9   100   6     0   0
   23    2     0  10    77   9   100   1    40  10    60  10    80   5     0   0
   23    3     0  10    66   9    50   2    11   9    30  10   100   3     0   0
   23    4     0  10    50  10     0   0    10  10    60  10    57   7     0   0
   24    1     0  10    66   9    50   2    70  10    80  10    50   2     0   0
   24    2     0  10    77   9     0   3    55   9    70  10   100   5     0   0
   24    3     0  10    44   9     0   2    77   9    77   9    80   5     0   0
   24    4     0  10    37   8     0   1    50  10    70  10    80   5     0   0
   25    1     0  10     0  10    42   7     0  10     0  10    11   9     0   0
   25    2     0   9    30  10    16   6     0  10     0   9    14   7     0   0
   25    3     0   9    11   9    16   6     0   9     0   9     0   8     0   0
   25    4     0   9    11   9     0   5    11   9     0   9    11   9     0   0
   26    1     0  10    70  10   100   1    11   9    30  10    75   8     0   0
   26    2     0   9    40  10    33   3     0  10    50  10   100   5     0   0
   26    3     0  10    10  10    60   5    20  10    40  10    80   5     0   0
   26    4     0   9    44   9     0   3    12   8    22   9    80   5     0   0
   27    1     0  10    37   8     0   5    33   9    12   8    33   9     0   0
   27    2     0   9     0   8    14   7    37   8     0   9    33   9     0   0
   27    3     0   6    28   7    16   6    42   7    16   6    50   6     0   0
   27    4     0  11    36  11    20   5    25  12    50  12    66   9     0   0
   28    1     0   9     0   8    16   6    11   9    11   9    16   6     0   0
   28    2     0   9     0   8    66   6     0   9    33   9    14   7     0   0
   28    3     0   9     0   8    20   5    11   9    33   9     0   5     0   0
   28    4     0  10     0  10    50   6    10  10    20  10    25   8     0   0
   29    1     0   6     0   9   100   3    25   8    22   9    33   6     0   0
   29    2     0  10    33   9     0   1    30  10    25   8    20   5     0   0
   29    3     0   5    28   7   100   2     0   5    14   7    33   6     0   0
   29    4     0  11     0  12     0   1     7  13    25  12    62   8     0   0
   30    1     0   9    14   7   100   1    16   6    33   6    16   6     0   0
   30    2     0   8    37   8   100   3     0   6    14   7    62   8     0   0
   30    3     0   5    20   5     0   2    20   5     0   5    40   5     0   0
   30    4     0  11    18  11    33   3    30  10    36  11    37   8     0   0
   31    1     0  10     0  10    62   8    20  10     0  10    40  10     0   0
   31    2     0  10    28   7    57   7    30  10     0  10    50  10     0   0
   31    3     0  10    11   9    62   8    55   9    22   9    30  10     0   0
   31    4     0  10     0  10    50   8    50  10    22   9    50  10     0   0
   32    1     0   9    10  10    66   6    40  10    20  10    10  10     0   0
   32    2     0  10    20  10    28   7    40  10    20  10    10  10     0   0
   32    3     0   7    28   7    37   8    50   8    37   8    37   8     0   0
   32    4     0   9    20  10    50   8    40  10    10  10    20  10     0   0
   33    1     0  10    12   8    33   3    44   9    40  10    28   7     0   0
   33    2     0   9     0   9    50   4    44   9    25   8    14   7     0   0
   33    3     0  10     0   9    33   6    28   7    55   9    14   7     0   0
   33    4     0  10    22   9    60   5    30  10    30  10     0   6     0   0
   34    1     0  10    11   9    75   4     0   8    11   9    62   8     0   0
   34    2     0  10     0  10    20   5    10  10    22   9    70  10     0   0
   34    3     0   7     0   7    50   4     0   7    14   7    57   7     0   0
   34    4     0  13     8  12    33   9     8  12    23  13    53  13     0   0
   35    1     0   6     0   6    33   6    33   6     0   6    33   6     0   0
   35    2     0   4    40   5    66   3    25   4    20   5    20   5     0   0
   35    3     0   6    28   7    75   4    42   7    14   7    57   7     0   0
   35    4     0   6    42   7    80   5    33   6     0   7    14   7     0   0
   36    1     0  10     0  10    40   5     0  10     0  10    10  10     0   0
   36    2     0  10    11   9    57   7    11   9     0   9    11   9     0   0
   36    3     0  10    10  10    40   5     0  10     0  10     0   9   100   1
   36    4     0  10     0   9    57   7     0   9    10  10    40  10   100   1
   37    1     0   9    37   8    20   5     0   9    11   9    28   7     0   0
   37    2     0  10    22   9    33   6    10  10     0   9    66   9     0   0
   37    3     0  10    50  10    33   3    12   8    50  10    50   6     0   0
   37    4     0   9    71   7     0   2    44   9    11   9    50   8     0   0
   38    1     0  10     0  10    33   9    30  10    30  10    33   9   100   1
   38    2     0  10    50   8     0   3    44   9    28   7    44   9   100   1
   38    3     0  10    12   8     0   2    30  10    30  10    16   6     0   0
   38    4     0   9    44   9   100   5    62   8    44   9    25   8     0   0
   39    1     0   9     0   8    33   6     0   8     0   8    25   8     0   0
   39    2     0  10    20  10     0   4     0  10    20  10    30  10     0   0
   39    3     0   6    16   6     0   3     0   6     0   6    16   6     0   0
   39    4     0  13    38  13    16   6    15  13    23  13    45  11     0   0
   40    1     0   9    33   9     0   2    11   9     0   9    11   9     0   0
   40    2     0   9    44   9    66   3    12   8     0   9    44   9     0   0
   40    3     0   9    25   8    66   3    22   9    11   9    25   8     0   0
   40    4     0   8    75   8    66   3     0   8    25   8    37   8     0   0
