    1    1   100   9    87   8    25   8    87   8    87   8    25   8     0   8
    1    2   100  10   100  10    10  10    90  10   100  10    50  10     0  10
    1    3   100   7   100   7    14   7   100   7    85   7    57   7     0   7
    1    4   100  10    90  10     0  10   100  10   100  10    80  10     0  10
    2    1   100   8   100   7    14   7   100   7   100   7    57   7     0   7
    2    2   100  10    90  10    30  10    90  10   100  10    50  10     0  10
    2    3    83   6   100   6    16   6   100   6   100   6    66   6     0   6
    2    4   100  13   100  13    38  13   100  13   100  13    46  13     0  13
    3    1   100  10   100  10    60  10   100  10   100  10   100  10     0  10
    3    2   100  10   100  10    70  10   100  10   100  10    90  10     0  10
    3    3   100  10   100  10    40  10    90  10   100  10    90  10     0  10
    3    4   100   9    88   9    66   9   100   9   100   9   100   9     0   9
    4    1   100  10    88   9    44   9   100   9   100   9   100   9     0   9
    4    2   100   9    77   9    44   9   100   9   100   9   100   9     0   9
    4    3   100   7   100   7    42   7    85   7   100   7   100   7     0   7
    4    4   100  13   100  13    23  13    92  13    92  13   100  13     0  13
    5    1   100   9    77   9    33   9   100   9    88   9   100   9     0   9
    5    2   100  10    90  10    40  10    80  10    90  10   100  10     0  10
    5    3   100  10   100  10    50  10   100  10    80  10    80  10     0  10
    5    4    88   9    88   9    55   9    77   9   100   9    88   9    11   9
    6    1   100   8   100   8    75   8   100   8   100   8    87   8    12   8
    6    2   100   6    83   6    16   6   100   6   100   6    50   6     0   6
    6    3   100   7   100   7    57   7   100   7   100   7    85   7     0   7
    6    4   100   4   100   4    50   4   100   4   100   4    75   4     0   4
    7    1   100   9    75   8    25   8    75   8    62   8    75   8     0   8
    7    2    90  10    80  10    50  10    80  10    90  10    90  10     0  10
    7    3    85   7    71   7    57   7    71   7    85   7   100   7     0   7
    7    4    83  12    75  12    16  12    66  12    91  12    91  12     0  12
    8    1   100  10    88   9    77   9   100   9   100   9   100   9     0   9
    8    2    90  10   100  10    60  10   100  10   100  10   100  10     0  10
    8    3   100   6   100   6    33   6   100   6   100   6   100   6     0   6
    8    4   100  13    84  13    38  13    92  13   100  13   100  13     0  13
    9    1   100  10    90  10    50  10    90  10   100  10    90  10     0  10
    9    2   100  10   100  10    50  10   100  10    80  10    80  10     0  10
    9    3   100  10    90  10    40  10   100  10    90  10    80  10     0  10
    9    4   100   9   100   9    44   9   100   9   100   9    66   9     0   9
   10    1   100  10   100  10     0  10   100  10   100  10    70  10     0  10
   10    2   100  10    80  10    10  10   100  10    90  10    40  10     0  10
   10    3   100   9   100   9    44   9   100   9   100   9    77   9    11   9
   10    4   100  10   100  10    20  10   100  10    90  10    60  10     0  10
   11    1   100  10    80  10    20  10   100  10    90  10   100  10     0  10
   11    2   100  10    80  10     0  10    90  10    90  10    70  10     0  10
   11    3   100  10    60  10    40  10   100  10   100  10    80  10     0  10
   11    4   100  10    80  10    10  10    90  10    90  10    90  10     0  10
   12    1   100  10   100   9    55   9   100   9   100   9   100   9     0   9
   12    2   100  10    90  10    40  10   100  10    90  10   100  10     0  10
   12    3   100   7   100   7    42   7   100   7   100   7   100   7     0   7
   12    4   100  13   100  13    38  13    92  13    92  13    92  13     0  13
   13    1   100  10   100   9    44   9   100   9   100   9   100   9     0   9
   13    2   100  10   100  10    50  10   100  10   100  10   100  10     0  10
   13    3   100   6   100   6    16   6   100   6   100   6    83   6     0   6
   13    4    91  12   100  12    58  12   100  12   100  12   100  12     0  12
   14    1   100   8    87   8    62   8    87   8    75   8   100   8     0   8
   14    2    83   6    33   6    66   6    83   6   100   6   100   6     0   6
   14    3   100  10    90  10    40  10   100  10   100  10    90  10     0  10
   14    4   100   8    37   8    62   8   100   8   100   8   100   8     0   8
   15    1   100   9    88   9    55   9   100   9    88   9   100   9     0   9
   15    2   100   8   100   8    50   8    87   8    87   8   100   8     0   8
   15    3   100  10   100  10    60  10   100  10   100  10   100  10     0  10
   15    4   100  10   100  10    80  10   100  10   100  10   100  10    10  10
   16    1   100  10    80  10    10  10    80  10   100  10    70  10     0  10
   16    2   100  10    90  10    20  10    80  10   100  10    60  10     0  10
   16    3   100  10    80  10    30  10   100  10   100  10    90  10     0  10
   16    4   100   9   100   9    11   9    66   9   100   9    77   9     0   9
   17    1    60  10    90  10    50  10    90  10    90  10   100  10     0  10
   17    2    90  10   100  10    40  10    80  10    90  10   100  10     0  10
   17    3    50  10   100  10    10  10    90  10   100  10   100  10     0  10
   17    4   100  10    90  10    10  10   100  10    90  10   100  10     0  10
   18    1   100  10    80  10    80  10   100  10    90  10   100  10     0  10
   18    2    88   9    88   9    66   9   100   9   100   9   100   9     0   9
   18    3   100   9   100   9   100   9   100   9   100   9    88   9     0   9
   18    4   100  10    90  10    90  10   100  10   100  10    70  10     0  10
   19    1    90  10   100  10    70  10   100  10   100  10    90  10     0  10
   19    2    90  10   100  10    70  10   100  10   100  10   100  10     0  10
   19    3   100  10   100  10    90  10   100  10   100  10   100  10     0  10
   19    4    90  10    90  10    80  10   100  10   100  10   100  10     0  10
   20    1   100  10    80  10    60  10   100  10   100  10    70  10     0  10
   20    2   100  10    90  10    90  10   100  10   100  10    70  10     0  10
   20    3   100  10    90  10    60  10    80  10   100  10    80  10     0  10
   20    4   100  10   100  10    40  10   100  10    90  10    60  10     0  10
   21    1   100  10   100  10    40  10   100  10   100  10   100  10     0  10
   21    2   100  10    90  10    20  10    90  10   100  10    90  10     0  10
   21    3   100  10   100  10    30  10    90  10   100  10    60  10     0  10
   21    4   100  10   100  10    30  10   100  10   100  10    70  10     0  10
   22    1   100   9    88   9    77   9   100   9   100   9   100   9     0   9
   22    2   100   9   100   9    66   9   100   9    88   9   100   9     0   9
   22    3   100   9   100   9   100   9   100   9   100   9   100   9     0   9
   22    4   100   9   100   9    77   9   100   9   100   9    88   9     0   9
   23    1   100  10    90  10    20  10    90  10    90  10    70  10     0  10
   23    2   100  10    90  10    10  10   100  10   100  10    60  10     0  10
   23    3   100  10    90  10    20  10    90  10   100  10    60  10     0  10
   23    4   100  10   100  10     0  10   100  10   100  10    70  10     0  10
   24    1   100  10    90  10    20  10   100  10   100  10    20  10     0  10
   24    2   100  10    90  10    30  10    90  10   100  10    50  10     0  10
   24    3   100  10    90  10    20  10    90  10    90  10    50  10     0  10
   24    4   100  10    80  10    10  10   100  10   100  10    50  10     0  10
   25    1   100  10   100  10    70  10   100  10   100  10   100  10     0  10
   25    2   100  10   100  10    60  10   100  10   100  10    90  10     0  10
   25    3   100   9   100   9    66   9   100   9   100   9   100   9     0   9
   25    4   100   9   100   9    55   9   100   9   100   9   100   9     0   9
   26    1   100  10   100  10    10  10    90  10   100  10    80  10     0  10
   26    2    90  10   100  10    30  10   100  10   100  10    50  10     0  10
   26    3   100  10   100  10    50  10   100  10   100  10    50  10     0  10
   26    4   100   9   100   9    33   9    88   9   100   9    55   9     0   9
   27    1   100  10    88   9    55   9   100   9    88   9   100   9     0   9
   27    2   100   9    88   9    77   9    88   9   100   9   100   9     0   9
   27    3    85   7   100   7    85   7   100   7    85   7    85   7     0   7
   27    4   100  12    91  12    41  12   100  12   100  12    75  12     0  12
   28    1   100   9    88   9    66   9   100   9   100   9    66   9     0   9
   28    2   100   9    88   9    66   9   100   9   100   9    77   9     0   9
   28    3   100   9    88   9    55   9   100   9   100   9    55   9     0   9
   28    4   100  10   100  10    60  10   100  10   100  10    80  10     0  10
   29    1   100  10   100   9    33   9    88   9   100   9    66   9     0   9
   29    2   100  10    90  10    10  10   100  10    80  10    70  10     0  10
   29    3    85   7   100   7    28   7    71   7   100   7    85   7     0   7
   29    4    84  13    92  13     7  13   100  13   100  13    69  13     0  13
   30    1   100   9    87   8    12   8    75   8    75   8    75   8     0   8
   30    2   100   8   100   8    37   8    75   8    87   8   100   8     0   8
   30    3   100   5   100   5    40   5   100   5   100   5   100   5     0   5
   30    4   100  11   100  11    27  11    90  11   100  11    72  11     0  11
   31    1   100  10   100  10    80  10   100  10   100  10   100  10     0  10
   31    2   100  10    70  10    70  10   100  10   100  10   100  10     0  10
   31    3   100  10    90  10    80  10    90  10    90  10   100  10     0  10
   31    4   100  10   100  10    80  10   100  10    90  10   100  10     0  10
   32    1    90  10   100  10    60  10   100  10   100  10   100  10     0  10
   32    2   100  10   100  10    70  10   100  10   100  10   100  10     0  10
   32    3    87   8    87   8   100   8   100   8   100   8   100   8     0   8
   32    4    90  10   100  10    80  10   100  10   100  10   100  10     0  10
   33    1   100  10    80  10    30  10    90  10   100  10    80  10     0  10
   33    2   100   9   100   9    44   9   100   9    88   9    77   9     0   9
   33    3   100  10    90  10    60  10    70  10   100  10    70  10     0  10
   33    4   100  10    90  10    50  10   100  10   100  10    60  10     0  10
   34    1   100  10   100   9    44   9    88   9   100   9   100   9     0   9
   34    2   100  10   100  10    50  10   100  10    90  10   100  10     0  10
   34    3   100   7   100   7    57   7   100   7   100   7   100   7     0   7
   34    4   100  13    92  13    69  13    92  13   100  13   100  13     0  13
   35    1   100   6   100   6   100   6   100   6   100   6   100   6     0   6
   35    2    80   5   100   5    60   5    80   5   100   5   100   5     0   5
   35    3    85   7   100   7    57   7   100   7   100   7   100   7     0   7
   35    4   100   7   100   7    71   7    85   7   100   7   100   7     0   7
   36    1   100  10   100  10    50  10   100  10   100  10   100  10     0  10
   36    2   100  10    90  10    70  10    90  10    90  10    90  10     0  10
   36    3   100  10   100  10    50  10   100  10   100  10   100  10    10  10
   36    4   100  10    90  10    70  10    90  10   100  10   100  10    10  10
   37    1   100   9    88   9    55   9   100   9   100   9    77   9     0   9
   37    2   100  10    90  10    60  10   100  10    90  10    90  10     0  10
   37    3   100  10   100  10    30  10    80  10   100  10    70  10     0  10
   37    4   100   9    77   9    22   9   100   9   100   9    88   9     0   9
   38    1   100  10   100  10    90  10   100  10   100  10    90  10    10  10
   38    2   100  10    80  10    30  10    90  10    70  10    90  10    10  10
   38    3   100  10    80  10    20  10   100  10   100  10    60  10     0  10
   38    4   100   9   100   9    55   9    88   9   100   9    88   9     0   9
   39    1   100   9   100   8    75   8   100   8   100   8   100   8     0   8
   39    2   100  10   100  10    40  10   100  10   100  10   100  10     0  10
   39    3   100   6   100   6    50   6   100   6   100   6   100   6     0   6
   39    4   100  13   100  13    46  13   100  13   100  13    84  13     0  13
   40    1   100   9   100   9    22   9   100   9   100   9   100   9     0   9
   40    2   100   9   100   9    33   9    88   9   100   9   100   9     0   9
   40    3   100   9    88   9    33   9   100   9   100   9    88   9     0   9
   40    4   100   8   100   8    37   8   100   8   100   8   100   8     0   8
