    1    1   929   9   691  12   254   4   538  13   575  13   912  13     0   0
    1    2   668   4   853   7   226   6   683   8   491   9  1212   9     0   0
    1    3   998   9  1013   7   209   8   618  10   538  11  1082  11   294   2
    1    4   884  11   644  10   252   8   573  10   419  10   999  11   282   2
    2    1  1148  10   738   9   215   9   732  10   641  11  1516   7   158   1
    2    2  1042   7   680   9   233  10   678  11   592  11  1167   9     0   0
    2    3  1313   6   726  12   252   6   602  13   582  12  1181   9     0   0
    2    4   795   7   425   8   187   4   558   9   529   9   967   8     0   0
    3    1  1275   6   752  10   322   9   667  10   602  10  1305   9     0   0
    3    2  1070  10   680  11   236   9   603  13   512  13  1058  12     0   0
    3    3   841   7   642  11   232   7   508  12   488  11  1239  12     0   0
    3    4  1069   8   875   9   251  11   708  10   559  12  1193  10     0   0
    4    1   806   8   955  12   226   5   683  12   632  12  1210  12     0   0
    4    2  1056  12  1090  12   183   7   782  12   694  10   940   9     0   0
    4    3   718   9   852   8   306   5   618   9   490   9  1181   9     0   0
    4    4   844   4   931  11   174   4   590  12   600  12   938  13     0   0
    5    1   800   9   768  10   236   5   561  13   496  13  1101  12     0   0
    5    2   869   6   620   8   373   5   361   8   565   9   772   7     0   0
    5    3  1182   7   883  11   320   9   746  12   839  12  1276  11     0   0
    5    4  1154   8   712   9   243   7   650  11   501  11  1010  11     0   0
    6    1  1268  10  1029  12   275   8   653  12   637  10  1323   9   294   1
    6    2  1331   6  1056   9   489   3   596   8   663  10  1124   9     0   0
    6    3   956   9   793  13   288   6   682  14   497  12  1264  13     0   0
    6    4  1343   5   841   8   347   2   620   7   651   8  1337   8     0   0
    7    1  1029   5   778   9   268   7   539   9   714   8   952   6     0   0
    7    2   765   7   632   8   236   6   466  12   682  12  1016   9     0   0
    7    3   741   9   955  11   249   6   588  11   586  10  1394   8     0   0
    7    4  1201   8  1114  10   288   8   781  10   699  10  1113  10     0   0
    8    1   666   8   595  11   231   7   483  11   479  11  1618   7     0   0
    8    2  1482   6   674   7   299   6   497   7   676   7   996   4   485   1
    8    3  1461   5   787   9   278   7   641   9   640   9   907   7     0   0
    8    4   947   8   654  11   203   6   581  10   529  11  1201   8     0   0
    9    1  1048   7   413   9   264   4   553  10   390  10   985  10     0   0
    9    2  1035   8   631   6   211   5   349   9   672  10  1051  10     0   0
    9    3  1033   4   738   9   157   4   643  10   461  11  1043   9     0   0
    9    4  1100   4   655   9   223   7   578  12   532  12  1104   9     0   0
   10    1  1079  11   591  12   283   8   636  12   769  12  1157  11     0   0
   10    2   954   9   453  10   234   4   525  12   625  12   823   9     0   0
   10    3     0   0     0   0     0   0     0   0     0   0     0   0     0   0
   10    4   810  12   651  16   231  13   540  19   492  18  1057  19     0   0
   11    1  1006  18   594  21   213  13   454  22   437  24   847  24     0   0
   11    2     0   0     0   0     0   0     0   0     0   0     0   0     0   0
   11    3   954  10   753  12   188   6   364  11   515  12  1009  10     0   0
   11    4  1005   7   615  11   234   6   456  11   586  11   922   9     0   0
   12    1   974   8   746   8   213   9   472  11   524  11  1160   9   146   1
   12    2   990   9   615  11   318   9   729  12   662  12  1326  10   319   1
   12    3   939   4   717   5   273   6   608   7   504   7  1137   7     0   0
   12    4   998   7   464  11   255   9   421  12   535  11  1026  10     0   0
   13    1     0   0     0   0     0   0     0   0     0   0     0   0     0   0
   13    2   865  15   526  21   233  16   569  19   447  20   965  19     0   0
   13    3   905   8   930   9   217  10   834  11   586  10  1050   9   204   1
   13    4   774   9   595   8   209   7   539  11   322  12  1271  11   271   1
   14    1  1075   7   838  11   328  10   744  11   689  11  1137   8     0   0
   14    2  1098   5   807   8   340   6   404  11   482  11  1010   8     0   0
   14    3  1086   4  1063   8   258   6   654  10   501  11  1225  10     0   0
   14    4   762   4   752   7   323   5   450   7   631   7  1005   6     0   0
   15    1   925  17   714  20   189  10   482  21   654  21  1015  22     0   0
   15    2     0   0     0   0     0   0     0   0     0   0     0   0     0   0
   15    3   845   9   887  10   165   6   559  12   459  11  1013  12     0   0
   15    4   898   8   610  10   220   5   504  11   569  10   901   9     0   0
   16    1  1209   7   668   8   314   5   650   9   488  10   977  10     0   0
   16    2  1362   9   833   8   329   7   675  10   490  11   953   9   561   1
   16    3   701   7   802   9   289   2   526   9   543   9   816   9     0   0
   16    4  1061   6   750  12   178   3   657  11   432  12   841  12     0   0
   17    1     0   0     0   0     0   0     0   0     0   0     0   0     0   0
   17    2   993  12   703  19   168   5   629  20   658  21   867  18     0   0
   17    3   975   8   794  12   230   6   688  11   801  12  1163  10     0   0
   17    4   838   9   588  12   242   3   695  10   694  11  1108  11     0   0
   18    1   790   7   676  10   192   5   609  10   673  10  1083   8     0   0
   18    2   740   8   681  10   287   5   562  11   617  10  1034  12     0   0
   18    3     0   0     0   0     0   0     0   0     0   0     0   0     0   0
   18    4   793  12   726  18   192   5   546  20   553  20  1244  20     0   0
   19    1   768   9   483   9   217  10   542  10   409  10   934   9     0   0
   19    2   751   5   621  12   281   8   470  12   615  14  1240  13     0   0
   19    3  1147   8   688  10   228  10   667  12   545  11   842  12     0   0
   19    4  1156   8   676   9   285   9   664  11   541  10  1134  10     0   0
   20    1   450   7   454   8   228   9   526  11   469  10   872  10     0   0
   20    2  1115   8   470   6   247   9   710  10   582  11  1001  10     0   0
   20    3   758   4   816   5   330   5   464   8   532   8   995   7     0   0
   20    4  1051   6   655  10   192   6   400  11   429  13   847  12     0   0
   21    1   916   7   725  13   198   8   563  12   496  13  1076  13     0   0
   21    2   866   6   506   6   325   7   509   7   676   7   949   7     0   0
   21    3  1113  10   827  12   213   9   525  12   479  12  1163  10     0   0
   21    4   827   6   677   7   276   7   499   9   621  10  1045  10     0   0
   22    1  1114   7   962  12   321   5   617  12   662  11  1211   6     0   0
   22    2   856   8  1149  12   188   3   591  11   733  12  1154  10     0   0
   22    3     0   0     0   0     0   0     0   0     0   0     0   0     0   0
   22    4   718  11  1101  17   153   5   485  20   543  23  1244  19     0   0
   23    1   788  13   694  18   207   9   413  21   444  21  1540  18   236   1
   23    2     0   0     0   0     0   0     0   0     0   0     0   0     0   0
   23    3   783   7   806  10   184   5   572  10   524  10   826   9     0   0
   23    4  1114  11   648   9   233   7   666  11   686  11  1250   8     0   0
   24    1   782   7   711  11   226   7   436  12   513  11  1075  10     0   0
   24    2   909   8   536  10   276  10   634  10   709   9  1300  10   227   1
   24    3   878   3   532   8   266   7   523   9   499   9   978   7     0   0
   24    4   706   6   517   8   163   6   506  10   525   9  1215  10     0   0
   25    1     0   0     0   0     0   0     0   0     0   0     0   0     0   0
   25    2   945  10   598  16   261  16   631  22   558  21  1110  20     0   0
   25    3  1196   8   808   9   285   9   777  10   706  10  1227   8     0   0
   25    4   740   8   642  11   243  10   746  11   596  12   945  11     0   0
   26    1  1269  10   736  12   291  12   754  12   542  12  1186  10     0   0
   26    2   979   7   555  10   277   9   522   9   464   9   892  10     0   0
   26    3  1038   8   794  12   189  10   660  13   448  13   740  12     0   0
   26    4   811   5   700   9   217   6   444   8   425   9   817   8     0   0
   27    1  1097  10   723  14   339  14   703  17   739  17  1381  12     0   0
   27    2     0   0     0   0     0   0     0   0     0   0     0   0     0   0
   27    3  1010   4   767   8   244   7   504   9   714  10  1179   8     0   0
   27    4   937   5   649   9   268   7   659   8   672   9  1063   9   168   1
   28    1  1044   8   704   7   267   8   683  10   702   9   996  10     0   0
   28    2   581   8   604   9   271   9   910   8   743  10   865   9     0   0
   28    3   789  13   754  18   210   8   513  21   647  22   843  21     0   0
   28    4     0   0     0   0     0   0     0   0     0   0     0   0     0   0
   29    1   958   7   866  11   220   5   628  12   761  11  1178   8     0   0
   29    2  1075   5   674   8   342   7   508   9   486   9   803   9     0   0
   29    3   779   7   711   8   202   9   720  11   682  11  1251  10     0   0
   29    4   709   8   817   8   258   9   494  12   524  12  1157  11     0   0
   30    1  1142  11   849   8   218   7   699  12   748  12  1158  12   334   1
   30    2   855  10   645  10   204  10   538  12   604  12  1229  10     0   0
   30    3   936   6   769   9   315   4   595  11   656  10   950   8     0   0
   30    4   944   5   632   9   202   5   430   8   454  10  1195   9     0   0
   31    1   705   7   747   9   173   3   740  10   656  10   782   7     0   0
   31    2   726   7   797  12   156   2   577  13   641  13   702  13     0   0
   31    3   833   7   852  11   267   6   706  11   620  11   754  10     0   0
   31    4   878   9   907  12   205   8   791  12   630  12   844  11   174   1
   32    1   920   5   978   8   228   2   534  10   729  10  1094   9     0   0
   32    2   431   3   899  12   197   4   587  12   560  12  1080  11     0   0
   32    3   646   8   411   8   169   7   399  10   490  10  1159   8     0   0
   32    4   649   5   651   8   154   6   669  10   650  12   910  10   288   1
   33    1     0   0     0   0     0   0     0   0     0   0     0   0     0   0
   33    2   861  11   593  16   306  13   434  20   474  21   918  18   146   1
   33    3  1153   6   613   8   326  10   596  11   543  10  1246   8     0   0
   33    4  1038  10   669   6   242   7   554   9   584  10  1007  10     0   0
   34    1   642   9   502   9   229  10   859  12   607  11  1122   9     0   0
   34    2   891   7   631  10   194   8   541  11   576  12  1147  11     0   0
   34    3     0   0     0   0     0   0     0   0     0   0     0   0     0   0
   34    4   763  14   543  18   186  16   534  22   562  21  1093  20     0   0
   35    1  1091   6   743   9   391   6   486   9   475   9   996   9     0   0
   35    2  1044   8   700  12   252   8   377  11   389  12   951  11     0   0
   35    3  1272   7   936  10   313   5   621  11   462  11   918  11     0   0
   35    4  1195   8   763  11   276   9   758  11   497  12  1108  12   202   1
   36    1   917   9   596  11   183  10   582  12   465  12   888  11     0   0
   36    2  1021   8   533  10   211   7   714  10   498  10   880   8     0   0
   36    3   863   6   670   9   307   6   605   9   554  10   897   9     0   0
   36    4   854   9   569   7   168   7   505  12   504  11  1126  12     0   0
   37    1     0   0     0   0     0   0     0   0     0   0     0   0     0   0
   37    2   895  11   718  20   200   8   480  22   515  22  1084  20     0   0
   37    3  1092   6   910   9   330   4   663  11   829  10   882   9     0   0
   37    4   971   9   837  11   176   5   632  12   662  12   851  11     0   0
   38    1  1036   7   731   9   213   8   730  11   693  11  1239   9     0   0
   38    2   950   6   769  11   272   5   597  11   492  11   963  11     0   0
   38    3     0   0     0   0     0   0     0   0     0   0     0   0     0   0
   38    4   903  14   680  18   242  15   589  22   473  22   698  19   214   1
   39    1   992  13   876  16   184  12   801  19   615  20  1096  19     0   0
   39    2     0   0     0   0     0   0     0   0     0   0     0   0     0   0
   39    3  1012   7   787  10   228   7   559  10   569  10  1017   9     0   0
   39    4   855   8   761  10   292   7   702  10   962  11  1303   9   165   1
   40    1  1155   7  1058  10   234   7   676  11   675  11  1126  11     0   0
   40    2  1243   6   806  10   231   7   588  12   478  11  1223  11   242   1
   40    3   999  13   787  19   227  11   592  22   575  23  1081  20   188   1
   40    4     0   0     0   0     0   0     0   0     0   0     0   0     0   0
