    1    1   545   6   409   6   144   3   325   8   348   7   634   8     0   0
    1    2   504   8   287   9   185   5   340   8   292  10   759  10     0   0
    1    3   343   3   578   8   163   2   395   9   285   9   725   9     0   0
    1    4   725   7   536   9     0   0   259   9   318  10   721  10     0   0
    2    1  1364   7   902   8   238   6   718   9   530   8   925   9     0   0
    2    2  1325   8   863   7   259   8   621   9   483   8   816   9     0   0
    2    3  1312   6  1000   7   186   8   760   9   464   9   801   9     0   0
    2    4  1296   9   979   9   199   8   718  10   566  10   767  10     0   0
    3    1  1561   3  1272   8   378   7   982   8   759   8  1290   8   236   1
    3    2   488   1   881   4   304   3   799   3   612   5  1209   3     0   0
    3    3   987   2  1230   5   305   7   977   7   930   6  1542   3     0   0
    3    4     0   0  1721   1   189   3   833   5   872   5  1473   3     0   0
    4    1  1040   9   780   7   177   9   659  10   572   9  1369   7     0   0
    4    2  1257   6   801   8   269   3  1004   8   497   7   934   7     0   0
    4    3   997   5   646   6   266   7   705   9   609   8   937   7     0   0
    4    4  1001   8   715   7   270   6   776   9   653   9  1240  10   168   1
    5    1  1314   5   649   8   351   7   605   9   484   9  1196   8   246   2
    5    2   634   5   650   6   311   5   625   6   620   7  1483   6   273   2
    5    3   743   4   728   7   233   6   409   8   605   8  1237   8   204   1
    5    4   698   6   548   6   247   6   350   6   572   6  1212   7   188   2
    6    1  1079   6   654   8   182   9   569   9   579   9   861   8     0   0
    6    2  1105   9   553   9   200   7   545   9   427  10   801  10     0   0
    6    3  1069   5   636   8   239   7   515   9   546   9   917   9     0   0
    6    4   886   4   990   8   157   3   507   8   514   8   964   8     0   0
    7    1  1235   7   746   9   392   8   597  10   594  10  1258   7     0   0
    7    2  1230   7   924   8   657   8   783   8  1095   9  1187   8     0   0
    7    3   805   9  1002   8   490   7   749  10   820  10  1178   7     0   0
    7    4   919   8  1067   7   316   7   693   9   813   9  1113   9     0   0
    8    1  1485   4   928   8   257   8   945  10   673   9  1291   9   146   1
    8    2  1184   4   787   7   174   5   840   8   757   9  1084   9     0   0
    8    3  1069   4   991   9   245   7   800   9   803   8  1145   9     0   0
    8    4  1463   6   937   9   256   9   892   9   659  10  1312   9   116   1
    9    1   956   3   720   6   207   3   511   7   744   7  1075   5     0   0
    9    2  1060   6   864   9   293   5   616   9   505   9   963   9     0   0
    9    3  1193   3   952   6   174   3   702   7   429   7   920   6     0   0
    9    4   796   2   587  10   191   6   582  10   511  11  1109  11     0   0
   10    1   999   9   580   9   265   6   734   9   461   8  1332   8     0   0
   10    2  1037   6   640   2   257   6   662   7   504   7  1054   7     0   0
   10    3  1135   8   707   8   212   9   658   9   708  10  1050  10     0   0
   10    4   902   8   384   5   207   3   607   7   376   7  1330   8     0   0
   11    1  1248   7   830   8   208   4   644   8   732   8  1270   6     0   0
   11    2  1179   6   542   8   226   7   511   8   511   8  1216   5     0   0
   11    3  1299   6   774   8   209   4   564   9   492   9  1282   9     0   0
   11    4  1055   7   916   6   208   4   513   7   414   7  1184   7     0   0
   12    1  1229   1  1182   4   217   3   588   4   681   4  1511   4     0   0
   12    2   688   3  1089   6   375   4   444   8   522   7  1163   3     0   0
   12    3  1161   3   986   5   375   3   639   5   478   5  1269   5     0   0
   12    4   573   3  1131   5   248   6   493   7   520   8  1558   6     0   0
   13    1  1009   9   548  10   184   3   391   9   493  10  1001  10     0   0
   13    2  1046   9   626   8   194   4   447   9   510  10   881  10     0   0
   13    3  1067   7   587   6   132   2   482   6   520   7   567   6     0   0
   13    4  1067  12   642  12   154  11   521  13   455  13   888  13     0   0
   14    1  1340   7   782  10   269   9   811  10   663  10  1333   9     0   0
   14    2   621   6   596   9   276   8   661  10   771  10  1025   9     0   0
   14    3   977   7   836   8   243   9   726   9   526   9   958   8     0   0
   14    4  1207   8   825  10   226  10   585  10   652  10  1178  10     0   0
   15    1   734   8   673   9   165   6   554   9   574   9   871   9     0   0
   15    2   776   4   617   8   198   1   394   8   579   8   858   6     0   0
   15    3   635   5   532   9   172   2   420   9   506  10  1187   9     0   0
   15    4   939   6   502   9   210   2   450   8   456   9  1195   8     0   0
   16    1  1103   4   961   9   176   2   522   8   645   8   903   8     0   0
   16    2  1266   4   964   8   242   3   711   8   570   8   769   8     0   0
   16    3  1319   4   491   5   173   2   472   5   576   5  1314   4     0   0
   16    4  1099   3   956   9   150   4   784   9   555   9   994  10     0   0
   17    1  1338   9   807   9   363   7   756  10   840  10  1194   7     0   0
   17    2  1066   8   908   9   231   7   543  10   648  10  1392   8     0   0
   17    3   901   7   934   7   294   8   824   8   856   8  1464   6     0   0
   17    4   886   5   606   6   313   5   605   6   813   9  1130   4     0   0
   18    1  1007   8   974  10   217   9   992  10   856   9  1421   8     0   0
   18    2  1510   3  1080   9   265   8   748   9   729   9  1290   7     0   0
   18    3  1475   2   870   6   256   7   954   7   888   7  1441   7     0   0
   18    4   893   7   927  10   238   9   916  11   911  11  1204  11     0   0
   19    1  1100   3   372   3   380   2   410   4   565   5  1051   5     0   0
   19    2   564   5   457   6   256   5   245   8   444   8  1473   8     0   0
   19    3   647   2   447   5   408   2   413   6   312   6   870   6     0   0
   19    4   926   5   380   8   238   3   327   8   397  10  1228   6     0   0
   20    1  1147   9  1171   9   240   9   858  10   738  10   902   9     0   0
   20    2  1089   3  1188   9   429   6   894  10   985  10  1038   6     0   0
   20    3  1147   6  1209   9   339   5   798   8   850   9   931   8     0   0
   20    4  1029   8   757   8   270   8   897  10   807  10  1105   8     0   0
   21    1  1174  10   882  10   308   9   841  10   680  10  1204   7   294   1
   21    2  1224   8   662   8   266   4   945   9  1018   9  1556   5   401   2
   21    3  1194   4   849   8   316   6   985  10   759   9  1250   7     0   0
   21    4  1089   5   819  10   276   7  1038   9  1083  10  1298   6     0   0
   22    1   769   9   782   9   303   8   681   9   901  10  1268   7     0   0
   22    2   552  10   681   9   338   7   619   8   708  10  1191   8   485   1
   22    3   445   9   460   8   247   8   482   9   744  10  1182   5     0   0
   22    4   852   7   685  10   342   8   590  10   654   9  1290   6     0   0
   23    1   901   3   849   7   288   6   589   9   704   8  1509   5     0   0
   23    2   945   5   814   7   327   6   707   8   601   7  1102   6     0   0
   23    3  1548   1  1082   8   235   7   672   9   586   9   995   7     0   0
   23    4  1225   4   825   6   340   4   553   8   582   9  1320   8     0   0
   24    1   674   8   693   9   189   7   648   9   600   9   805  10     0   0
   24    2   824   6   860   8   186   4   513   9   579   9   719   9     0   0
   24    3   973   6   909   9   180   5   581   9   604   9   932   9     0   0
   24    4  1001   9   662   9   226   6   564  10   715  10   911  10     0   0
   25    1   655   7   747   9   203   7   558   9   517  10  1428  10     0   0
   25    2   968   6   502  10   285   7   520  10   630  10  1250   7     0   0
   25    3   605   6   969   7   219   4   763   7   505   6  1116   5     0   0
   25    4   639  10   478   9   223   8   509  11   441  12   984  12     0   0
   26    1   954   6   657   9   193   5   558  10   505  10  1247   9     0   0
   26    2   942   7   536   9   214   7   530   9   440   9  1061   7     0   0
   26    3  1112   7   731   8   247   6   585   9   466   9  1051   8   266   1
   26    4   941   9   603  10   321   7   592  10   458  10  1013  10   165   1
   27    1  1044   8   930  10   217   5   488  10   603  10  1455   8     0   0
   27    2   917   5   869   7   257   3   589   8   589   8  1328   7     0   0
   27    3  1392   4  1142   6   160   2   642   7   657   6  1522   6     0   0
   27    4  1087   8   957  12   152   5   554  12   497  13  1324  10     0   0
   28    1   812   8   661   9   159   7   420  10   404   9   877   9     0   0
   28    2  1050   9   698  10   192   6   420  10   433  10   850  10     0   0
   28    3   975   7   605   9   204   6   463   9   353   9  1019   8     0   0
   28    4   809   8   443   7   190   6   362   8   467   9   848   9     0   0
   29    1   464   6   626   8   188   6   594   8   482   8  1260   8     0   0
   29    2   532   4   655   8   258   6   508   8   628   8  1173   6     0   0
   29    3   283   7   399  10   200   5   464  10   512  10  1227   9     0   0
   29    4   244   8   533  10   254   7   568  10   759  10  1225  10   271   1
   30    1   166   4   868   4   271   2   622   7   458   8  1138   6     0   0
   30    2   694   4   505   5   202   2   457   8   397   8   972   7   146   1
   30    3   308   6   564   5   242   1   384   7   400   7   890   6   188   1
   30    4   417   3   398   6   319   1   527   8   301   7  1256   6   214   1
   31    1  1399   8  1100   8   327   7   928  10   686   9  1219   7     0   0
   31    2  1485   4  1049  10   261   8   724  10   550  10  1093  10     0   0
   31    3  1266   6  1058   8   268   8  1086  10   730  10  1210   8     0   0
   31    4  1482   5  1163   8   276   4   613   8   698  10   713   9     0   0
   32    1  1064  10   729   9   166   7   477  10   502  10   984  10     0   0
   32    2  1217  10   666  10   138   6   546  10   665  10   916  10     0   0
   32    3  1039   7   988   9   156   7   682  10   529  10   854  10     0   0
   32    4   798  10   580   7   175   8   675  10   469   9   698  10     0   0
   33    1   419   3   457   7   208   5   214  10   285  10   686   9     0   0
   33    2   256   2   780   7   332   3   238   9   365   9   578  10     0   0
   33    3     0   0   864   4   172   1   260   6   350   7   700   7     0   0
   33    4   378   2   571   7   335   1   272  10   342  10   547  11     0   0
   34    1   898   9   536   9   134   4   580   9   403   9   980   9     0   0
   34    2  1079   7   672  10   145   7   580  10   402  10  1034  10     0   0
   34    3  1032   5   628   5   114   4   505   6   363   6   736   5     0   0
   34    4   944   9   601  11   182  10   464  13   392  13  1189  13     0   0
   35    1   828   7   488   8   134   3   511  10   385  10  1088   9     0   0
   35    2   906   8   603   6   226   6   515  10   458  10   984  10     0   0
   35    3   838  10   657   7   174   6   384  10   476   9  1086  10     0   0
   35    4  1059   6   676   8   191   6   553  10   452  10  1133  10     0   0
   36    1  1612   3   672  10   242   8   826  10   810  10  1674   6     0   0
   36    2   955   6   584   8   173   7   627   9   655   9  1347   8     0   0
   36    3  1393   6   884   8   202   6   673   8   831   9  1452   6   322   1
   36    4  1038   5   715   9   203   8   732   9   606   9  1175   5     0   0
   37    1  1392   3   843   6   344   5   931   7   988   8  1061   4     0   0
   37    2   728   3   536  10   284   5   919  10   897  10   986   7     0   0
   37    3  1002   3   863   6   408   4   897   7   816   5   656   4     0   0
   37    4   309   5   766  10   182   4   689  11   737  10   614   8   288   1
   38    1   722   8   550   9   155   2   436   9   355   9   895   8     0   0
   38    2   727   7   357   8   232   5   388   9   355   9   868   9     0   0
   38    3   891   5   505   5   215   1   406   4   360   5   698   5     0   0
   38    4   792   9   625  10   180   5   363  11   408  11  1042  11     0   0
   39    1   411   1   692   7   191   4   248   8   353   8   803   8     0   0
   39    2   622   3   548   7   150   6   367   9   449   9   688   9     0   0
   39    3   712   4   580   7   240   2   317   9   420   9   776   9     0   0
   39    4   501   4   679  10   158   5   489   9   544  10  1036  10     0   0
   40    1   752   6   540   7   165   2   463   9   440   9  1068   9     0   0
   40    2  1042   5   510   5   164   3   456   7   566   7  1003   7     0   0
   40    3  1153   2   672   3   167   2   489   3   706   3  1568   3     0   0
   40    4  1012   7   829   7   189   8   537  10   556  10   977  10     0   0
   41    1   633   8   568   7   300   5   331  10   346  10  1071   9     0   0
   41    2   924  10   639   9   230   4   260   9   431  10   819  10     0   0
   41    3  1183   8   742   9   125   3   429  10   497  10   987   7     0   0
   41    4   869   6   578   8   241   5   365   8   371   8  1057   9   449   1
   42    1   699   6   627   7   216   1   358   8   321   9   782   9     0   0
   42    2   769   5   544   9   200   3   387   9   392  10  1005  10     0   0
   42    3   782   8   630  10   175   2   371  10   301  10   771  10     0   0
   42    4   793   8   382   7   141   3   508  10   328  10   624   9     0   0
   43    1   700   9   482   8   285   6   538  10   701  10  1256   8     0   0
   43    2   850   6   502   7   307   7   517   8   310   9   808   9     0   0
   43    3   675   8   434   7   305   7   317  10   580   9  1057  10     0   0
   43    4   677   5   615   8   252   7   602   9   512   9  1132  10     0   0
   44    1   432   5   490   8   340   7   504  10   799  10  1044   9     0   0
   44    2   697   6   450   9   318   5   343   7   524   9  1286  10     0   0
   44    3   240   5   733   9   302   6   542  10   717   8  1090  10     0   0
   44    4   770   6   589   7   350   5   523   7   408   9  1173   9     0   0
   45    1  1107   8   844  10   255   6   774  10   764   9  1395   5     0   0
   45    2  1696   5   932   7   301   8   901  10   851   8  1050   8     0   0
   45    3  1446   6  1208  10   325   7   944   9   832  10  1404   9     0   0
   45    4  1353   5   784   8   254   6   830   8   619   9  1351   7     0   0
   46    1  1231   7   831  10   204   7   642  10   795  10  1163   9     0   0
   46    2  1069   6   927   9   220   6   738  10   661  10  1419   9     0   0
   46    3  1404   9   806   9   229   8   667   9   510  10   854   8     0   0
   46    4  1220   9   855   9   187   3   650  10   653  10   755   9     0   0
   47    1   822   5   549   9   200   5   410  10   492  10  1131  10     0   0
   47    2   743   2   531   8   175   6   389   9   398  10   903   9     0   0
   47    3  1004   2   728   9   181   6   397  10   444  10  1068   9     0   0
   47    4   794   4   639   9   175   6   323   9   384   9   904   9     0   0
   48    1   879   7   421   7   209   4   533   9   464   9  1075  10     0   0
   48    2   744   5   441   7   191   4   259  10   511  10   951  10     0   0
   48    3  1010   4   799   6   223   2   435   7   409   7  1106   7     0   0
   48    4   589   4   658  11   315   4   503  13   531  12  1142  12     0   0
