    1    1     0   7     0  10    33   3    50  10     0  10    18  11     0   0
    1    2     0   6     0   7    16   6    50  10    20  10    10  10     0   0
    1    3     0   9     0   7    71   7    20  10     0  10    10  10   100   2
    1    4     0  10    11   9    37   8    11   9    20  10    20  10     0   0
    2    1     0  10     0   8    25   8    11   9    10  10    50  10     0   0
    2    2     0   7    28   7    50   8     0   9     0   9    33   9     0   0
    2    3     0   6    33   9    33   3    10  10    33   9    60  10     0   0
    2    4     0   7    37   8    25   4    30  10    11   9    20  10     0   0
    3    1     0   7     0  10    22   9    30  10    10  10    30  10     0   0
    3    2     0   9    30  10    25   8    27  11     0  11    27  11     0   0
    3    3     0   6    20  10    60   5    50  10    11   9    20  10     0   0
    3    4     0   9    11   9    60  10    10  10    18  11    18  11     0   0
    4    1     0   8    20  10    20   5    30  10    10  10    50  10     0   0
    4    2     0  11     9  11    28   7     0  11    10  10    90  11     0   0
    4    3     0   9     0   8    20   5    22   9    11   9    44   9     0   0
    4    4     0   6     9  11     0   4    44   9     0   9    36  11     0   0
    5    1     0   8    20  10    75   4    50  10     0  10    50  10     0   0
    5    2     0   7    11   9    20   5    11   9     0   9    25   8     0   0
    5    3     0   9     0  11    12   8    36  11     0  11     0  11     0   0
    5    4     0   8    11   9    40   5    20  10     0   9     0  10     0   0
    6    1     0  11     9  11    42   7     9  11    10  10    45  11   100   1
    6    2     0   6     0   7    66   3    16   6     0   8    12   8     0   0
    6    3     0   9     9  11     0   3    18  11     0  10    18  11     0   0
    6    4     0   5    37   8    50   2    71   7    12   8    25   8     0   0
    7    1     0   6     0   9     0   7    44   9    12   8    20  10     0   0
    7    2     0   7    14   7     0   4    60  10    10  10    30  10     0   0
    7    3     0  10    20  10    20   5    20  10    10  10    40  10     0   0
    7    4     0  10     0  10    37   8    20  10    20  10    54  11     0   0
    8    1     0   9    20  10    33   6    10  10    10  10    30  10     0   0
    8    2     0   6     0   7    50   6     0   7    14   7    42   7     0   0
    8    3     0   7     0   9    57   7    11   9     0   9    55   9     0   0
    8    4     0   9    20  10    33   6     0   9     0  10    30  10     0   0
    9    1     0   7    10  10    25   4    20  10    10  10    70  10     0   0
    9    2     0   8    14   7    40   5    20  10    10  10    40  10     0   0
    9    3     0   9    10  10   100   4    30  10     0  11    36  11     0   0
    9    4     0   5    20  10    60   5    40  10    10  10    30  10     0   0
   10    1     0  10     9  11    14   7    18  11    18  11    81  11     0   0
   10    2     0   8     0  10    50   4     0  10     0  10    70  10     0   0
   10    3     0   0     0   0     0   0     0   0     0   0     0   0     0   0
   10    4     0  13    13  15    66  12    17  17     5  17    50  18     0   0
   11    1     0  17     5  18    50  12    31  19     9  21    20  20     0   0
   11    2     0   0     0   0     0   0     0   0     0   0     0   0     0   0
   11    3     0   8    10  10     0   5    66   9     0  10    22   9     0   0
   11    4     0   8    27  11    83   6    27  11     0  11    36  11     0   0
   12    1     0   7    14   7    42   7    22   9     0   9    33   9     0   0
   12    2     0  10    10  10    75   8    18  11     0  11    27  11     0   0
   12    3     0   5     0   5    16   6    28   7    28   7    14   7     0   0
   12    4     0   9     0   9    28   7    20  10    11   9    50  10     0   0
   13    1     0   0     0   0     0   0     0   0     0   0     0   0     0   0
   13    2     0  14    10  19    42  14    16  18    22  18    36  19     0   0
   13    3     0  10     0   8    44   9    30  10    11   9    30  10     0   0
   13    4     0   7    37   8    40   5    33   9    20  10    20  10     0   0
   14    1     0   9     0  10    22   9    30  10     0  10    30  10     0   0
   14    2     0   4    25   8    20   5    33   9     0   9    11   9     0   0
   14    3     0   7     0   8    40   5    25   8    11   9    44   9     0   0
   14    4     0   4     0   7    20   5    28   7     0   7     0   7     0   0
   15    1     0  18     0  20    33   9    25  20    10  20    57  21     0   0
   15    2     0   0     0   0     0   0     0   0     0   0     0   0     0   0
   15    3     0   7    11   9    60   5    40  10    44   9    10  10     0   0
   15    4     0   8    33   9    60   5    30  10    33   9    40  10     0   0
   16    1     0   6     0   8    40   5     0   8     0   9    22   9     0   0
   16    2     0  10     0   9    28   7     9  11     9  11    18  11     0   0
   16    3     0   7    22   9     0   2    44   9     0   9     0   8     0   0
   16    4     0   5    10  10     0   2     0  10     0  10    50  10     0   0
   17    1     0   0     0   0     0   0     0   0     0   0     0   0     0   0
   17    2     0  13    15  19    60   5    26  19    15  20    44  18     0   0
   17    3     0  10     9  11    33   6    27  11     9  11    18  11     0   0
   17    4     0   7    10  10    66   3    50   8    11   9    30  10     0   0
   18    1     0   9    30  10    20   5    20  10     0  10    20  10     0   0
   18    2     0   7    30  10    50   4    33   9    11   9    30  10     0   0
   18    3     0   0     0   0     0   0     0   0     0   0     0   0     0   0
   18    4     0  13    11  17    25   4    44  18     0  18    31  19     0   0
   19    1     0  10    11   9    50  10    10  10    10  10    10  10     0   0
   19    2     0   8    10  10    33   6    30  10     9  11    36  11     0   0
   19    3     0   8    12   8    37   8    30  10     0   9    10  10     0   0
   19    4     0   9     0   8    75   8    20  10    10  10    27  11     0   0
   20    1     0   9    11   9    62   8    60  10     0   9    20  10     0   0
   20    2     0   9     0   5    75   8    22   9    10  10    40  10     0   0
   20    3     0   6     0   6    60   5    37   8    12   8    37   8     0   0
   20    4     0   6    30  10    25   4    11   9     9  11    81  11     0   0
   21    1     0   6     0  10    50   6    33   9    10  10    60  10     0   0
   21    2     0   6    14   7    28   7    57   7    14   7    28   7     0   0
   21    3     0  10     9  11    62   8    54  11     9  11    27  11     0   0
   21    4     0   6     0   5     0   5    57   7     0   8    50   8     0   0
   22    1     0   9    18  11    25   4    36  11     0  11    18  11     0   0
   22    2     0   9     0  10     0   3    22   9     0  10    50  10     0   0
   22    3     0   0     0   0     0   0     0   0     0   0     0   0     0   0
   22    4     0  16     5  17    20   5    21  19    14  21    47  21     0   0
   23    1     0  13    11  18    33   9    15  19     0  19    30  20     0   0
   23    2     0   0     0   0     0   0     0   0     0   0     0   0     0   0
   23    3     0   9    11   9    60   5    11   9    11   9    33   9     0   0
   23    4     0  10    10  10    50   6    10  10    10  10    30  10     0   0
   24    1     0   8    22   9    60   5    60  10    50  10    20  10     0   0
   24    2     0   8    22   9    66   9    20  10    10  10    20  10     0   0
   24    3     0   4    22   9    57   7    55   9    11   9    22   9     0   0
   24    4     0   5    37   8    40   5    44   9    11   9    55   9     0   0
   25    1     0   0     0   0     0   0     0   0     0   0     0   0     0   0
   25    2     0  11    18  16    64  14    36  19     5  18    47  19     0   0
   25    3     0   9     0   9    44   9    40  10    10  10    40  10     0   0
   25    4     0   9    20  10    12   8    40  10    30  10    55   9     0   0
   26    1     0  10     0  11    63  11    36  11     9  11     9  11     0   0
   26    2     0   8     0   9    25   8    37   8    12   8    33   9     0   0
   26    3     0   8    18  11    33   9     9  11     9  11    45  11     0   0
   26    4     0   6    11   9    33   6    33   9    22   9    11   9     0   0
   27    1     0  10    16  12    25  12    35  14     7  14    46  13     0   0
   27    2     0   0     0   0     0   0     0   0     0   0     0   0     0   0
   27    3     0   4    12   8    33   6    77   9     0   9     0   9     0   0
   27    4     0   8     0   9    57   7    25   8    22   9    11   9   100   1
   28    1     0   7     0   6    85   7    22   9     0   8    33   9     0   0
   28    2     0   9    11   9    50   8    14   7    22   9    20  10     0   0
   28    3     0  13     5  19    33   6    38  18    15  19    26  19     0   0
   28    4     0   0     0   0     0   0     0   0     0   0     0   0     0   0
   29    1     0   7    10  10    25   4    22   9     0   8    44   9     0   0
   29    2     0   5    12   8    57   7    55   9    22   9    55   9     0   0
   29    3     0   9     0   7    62   8    40  10     0  10    40  10     0   0
   29    4     0  10     0   8    42   7    20  10    10  10    20  10     0   0
   30    1     0  11     0   8    66   6     0  11     0  11    36  11     0   0
   30    2     0  10     0   8    50   8    10  10     0  10    30  10     0   0
   30    3     0   6    28   7    33   3    33   9     0   8    22   9     0   0
   30    4     0   6    11   9    60   5    50   8    10  10    30  10     0   0
   31    1     0   7     0   9    33   3    50  10    10  10    30  10     0   0
   31    2     0   5    30  10     0   2    40  10    20  10    60  10     0   0
   31    3     0   7    10  10    20   5    50  10    20  10    20  10     0   0
   31    4     0   9    18  11    28   7    36  11    18  11    45  11     0   0
   32    1     0   4     0   9    50   2    44   9    22   9    22   9     0   0
   32    2     0   8     9  11     0   4    36  11     0  11    36  11     0   0
   32    3     0   8    37   8   100   7    30  10     0  10    20  10     0   0
   32    4     0   7    12   8    40   5    44   9     9  11    45  11     0   0
   33    1     0   0     0   0     0   0     0   0     0   0     0   0     0   0
   33    2     0  15    13  15    58  12    47  19    25  20    26  19   100   1
   33    3     0   9    14   7    77   9    10  10     0   9    50  10     0   0
   33    4     0   9     0   5    33   6    37   8    33   9    11   9     0   0
   34    1     0  10     0   8    60  10    36  11     0  10     9  11     0   0
   34    2     0   7    25   8    50   6    22   9    10  10    30  10     0   0
   34    3     0   0     0   0     0   0     0   0     0   0     0   0     0   0
   34    4     0  12    17  17    28  14    30  20    15  19    45  20     0   0
   35    1     0   7    11   9    33   6    33   9    11   9    33   9     0   0
   35    2     0   9    18  11    28   7    40  10     0  11    36  11     0   0
   35    3     0   8     0   9    20   5    11   9     0   9    33   9     0   0
   35    4     0  11    18  11    62   8    10  10     9  11    36  11     0   0
   36    1     0   9    11   9    37   8    20  10    10  10    40  10     0   0
   36    2     0  10    10  10    85   7    10  10     0  10    40  10     0   0
   36    3     0   6     0   9    33   6    30  10     0  10    20  10     0   0
   36    4     0   8     0   7    75   4    22   9     0   8    55   9     0   0
   37    1     0   0     0   0     0   0     0   0     0   0     0   0     0   0
   37    2     0  10    16  18    22   9    26  19    10  19    40  20     0   0
   37    3     0   6    11   9    50   4    50  10     0   9    20  10     0   0
   37    4     0   8    20  10    25   4    40  10    10  10    10  10     0   0
   38    1     0   9    12   8    37   8    30  10    10  10    27  11     0   0
   38    2     0   8    30  10    50   4    30  10     0  10    30  10     0   0
   38    3     0   0     0   0     0   0     0   0     0   0     0   0     0   0
   38    4     0  13    11  18    69  13    20  20     5  20    31  19     0   0
   39    1     0  12    26  15    30  10    37  16    27  18    44  18     0   0
   39    2     0   0     0   0     0   0     0   0     0   0     0   0     0   0
   39    3     0   7     0   9    50   6    33   9    11   9    22   9     0   0
   39    4     0  10    20  10    50   6    30  10    10  10    30  10   100   1
   40    1     0   7    20  10    16   6    10  10    10  10    10  10     0   0
   40    2     0   7    30  10    83   6    18  11    18  11    18  11   100   1
   40    3     0  16     5  20    40  10    30  20     4  21    14  21     0   0
   40    4     0   0     0   0     0   0     0   0     0   0     0   0     0   0
