    1    1    69  13    92  13    23  13    92  13    92  13   100  13     0  13
    1    2    55   9    66   9    55   9   100   9   100   9   100   9     0   9
    1    3    87   8    62   8    62   8   100   8   100   8   100   8    25   8
    1    4   100   9    88   9    77   9   100   9   100   9   100   9    22   9
    2    1   100   7    85   7    85   7    85   7   100   7   100   7     0   7
    2    2    88   9    77   9    88   9   100   9   100   9   100   9     0   9
    2    3    75  12    91  12    41  12   100  12    91  12   100  12     0  12
    2    4    77   9    77   9    44   9   100   9   100   9   100   9     0   9
    3    1    77   9   100   9    88   9   100   9   100   9   100   9     0   9
    3    2    83  12    91  12    66  12   100  12   100  12   100  12     0  12
    3    3    60  10   100  10    60  10   100  10   100  10   100  10     0  10
    3    4    75   8    87   8   100   8    87   8   100   8   100   8     0   8
    4    1    80  10   100  10    50  10   100  10   100  10   100  10     0  10
    4    2   100   8   100   8    87   8   100   8    87   8   100   8     0   8
    4    3   100   8   100   8    62   8   100   8   100   8   100   8     0   8
    4    4    53  13   100  13    30  13    84  13    84  13   100  13     0  13
    5    1    83  12    91  12    33  12   100  12   100  12   100  12     0  12
    5    2    87   8   100   8    62   8   100   8   100   8    87   8     0   8
    5    3    87   8   100   8    75   8   100   8   100   8   100   8     0   8
    5    4    70  10    90  10    60  10    90  10    90  10   100  10     0  10
    6    1   100   8   100   8    62   8   100   8    87   8   100   8    12   8
    6    2    75   8    87   8    37   8    87   8   100   8   100   8     0   8
    6    3    84  13   100  13    46  13   100  13   100  13   100  13     0  13
    6    4    57   7   100   7    28   7    85   7   100   7   100   7     0   7
    7    1    66   9   100   9    77   9   100   9    77   9   100   9     0   9
    7    2    72  11    72  11    45  11   100  11   100  11   100  11     0  11
    7    3   100   9   100   9    55   9   100   9   100   9   100   9     0   9
    7    4    87   8   100   8    75   8   100   8   100   8   100   8     0   8
    8    1    88   9   100   9    66   9   100   9   100   9   100   9     0   9
    8    2   100   6   100   6    83   6   100   6   100   6   100   6    16   6
    8    3    77   9   100   9    77   9   100   9   100   9   100   9     0   9
    8    4   100  10   100  10    60  10    90  10   100  10   100  10     0  10
    9    1    77   9     0   0     0   0     0   0     0   0     0   0     0   0
    9    2    77   9    77   9    55   9   100   9   100   9   100   9     0   9
    9    3    87   8    87   8    50   8    87   8   100   8   100   8     0   8
    9    4    50  10   100  10    60  10   100  10   100  10   100  10     0  10
   10    1    87   8   100   8    62   8   100   8   100   8   100   8     0   8
   10    2    70  10   100  10    40  10   100  10   100  10   100  10     0  10
   10    3     0   0     0   0     0   0     0   0     0   0     0   0     0   0
   10    4    77  18    88  18    66  18    94  18   100  18   100  18     0  18
   11    1    81  22    95  22    59  22    90  22   100  22   100  22     0  22
   11    2     0   0     0   0     0   0     0   0     0   0     0   0     0   0
   11    3    90  10   100  10    50  10    90  10   100  10    90  10     0  10
   11    4    75   8   100   8    50   8   100   8   100   8   100   8     0   8
   12    1    88   9    77   9    77   9   100   9   100   9   100   9    11   9
   12    2    87   8    87   8    87   8   100   8   100   8   100   8     0   8
   12    3    71   7    71   7    85   7   100   7   100   7   100   7     0   7
   12    4    81  11    90  11    81  11   100  11    90  11   100  11     0  11
   13    1     0   0     0   0     0   0     0   0     0   0     0   0     0   0
   13    2    80  20   100  20    75  20    95  20    95  20   100  20     0  20
   13    3   100   7    85   7   100   7   100   7   100   7   100   7     0   7
   13    4    70  10    70  10    50  10    90  10   100  10   100  10    10  10
   14    1   100   7   100   7    85   7   100   7   100   7   100   7     0   7
   14    2    55   9    88   9    66   9   100   9   100   9   100   9     0   9
   14    3    70  10    90  10    50  10    90  10   100  10   100  10     0  10
   14    4    57   7   100   7    71   7   100   7   100   7   100   7     0   7
   15    1    85  20    95  20    45  20    95  20    95  20   100  20     0  20
   15    2     0   0     0   0     0   0     0   0     0   0     0   0     0   0
   15    3    80  10    90  10    40  10   100  10    90  10   100  10     0  10
   15    4    71   7    85   7    57   7   100   7   100   7   100   7     0   7
   16    1    62   8    87   8    50   8    87   8   100   8   100   8     0   8
   16    2    87   8    75   8    62   8   100   8   100   8   100   8    12   8
   16    3    75   8   100   8    25   8   100   8   100   8   100   8     0   8
   16    4    54  11   100  11    27  11   100  11   100  11   100  11     0  11
   17    1     0   0     0   0     0   0     0   0     0   0     0   0     0   0
   17    2    73  19    94  19    26  19    94  19   100  19    94  19     0  19
   17    3   100   8   100   8    62   8   100   8   100   8   100   8     0   8
   17    4    70  10   100  10    20  10    80  10    90  10   100  10     0  10
   18    1    85   7   100   7    57   7   100   7   100   7   100   7     0   7
   18    2    60  10   100  10    40  10    90  10    90  10   100  10     0  10
   18    3     0   0     0   0     0   0     0   0     0   0     0   0     0   0
   18    4    70  20    95  20    25  20    95  20   100  20   100  20     0  20
   19    1   100   9    88   9   100   9   100   9   100   9   100   9     0   9
   19    2    69  13    92  13    61  13    84  13   100  13   100  13     0  13
   19    3    90  10    90  10    90  10   100  10   100  10   100  10     0  10
   19    4    87   8    87   8    75   8    87   8    87   8   100   8     0   8
   20    1    88   9    88   9    77   9   100   9    88   9   100   9     0   9
   20    2   100   8    62   8    87   8   100   8   100   8   100   8     0   8
   20    3    71   7    71   7    71   7   100   7   100   7   100   7     0   7
   20    4    50  12    83  12    41  12    83  12   100  12   100  12     0  12
   21    1    61  13   100  13    61  13    92  13   100  13   100  13     0  13
   21    2    85   7   100   7   100   7   100   7   100   7   100   7     0   7
   21    3    87   8   100   8    62   8   100   8   100   8   100   8     0   8
   21    4    66   9    66   9    66   9    88   9   100   9   100   9     0   9
   22    1    75   8   100   8    25   8   100   8   100   8   100   8     0   8
   22    2    80  10   100  10    30  10   100  10   100  10   100  10     0  10
   22    3     0   0     0   0     0   0     0   0     0   0     0   0     0   0
   22    4    76  21    85  21    23  21    90  21   100  21   100  21     0  21
   23    1    75  20    95  20    50  20   100  20    95  20   100  20     5  20
   23    2     0   0     0   0     0   0     0   0     0   0     0   0     0   0
   23    3   100   8   100   8    50   8   100   8   100   8   100   8     0   8
   23    4   100   7   100   7    71   7   100   7   100   7   100   7     0   7
   24    1    70  10    90  10    50  10   100  10   100  10   100  10     0  10
   24    2    71   7   100   7    85   7   100   7   100   7   100   7     0   7
   24    3    44   9   100   9    77   9   100   9   100   9   100   9     0   9
   24    4    55   9    88   9    66   9   100   9   100   9   100   9     0   9
   25    1     0   0     0   0     0   0     0   0     0   0     0   0     0   0
   25    2    60  20    80  20    70  20   100  20    95  20   100  20     0  20
   25    3    85   7   100   7    85   7   100   7   100   7   100   7     0   7
   25    4    90  10   100  10    80  10   100  10   100  10    90  10     0  10
   26    1    87   8   100   8   100   8   100   8   100   8   100   8     0   8
   26    2    87   8   100   8    87   8    87   8   100   8   100   8     0   8
   26    3    66  12   100  12    75  12   100  12   100  12   100  12     0  12
   26    4    62   8   100   8    75   8   100   8   100   8   100   8     0   8
   27    1    62  16    87  16    81  16   100  16   100  16    93  16     0  16
   27    2     0   0     0   0     0   0     0   0     0   0     0   0     0   0
   27    3    37   8    87   8    62   8   100   8   100   8   100   8     0   8
   27    4    83   6   100   6    66   6   100   6   100   6   100   6     0   6
   28    1    75   8    62   8    75   8   100   8    87   8   100   8     0   8
   28    2    75   8    87   8    75   8    62   8    75   8    87   8     0   8
   28    3    68  22    95  22    36  22    86  22    95  22    90  22     0  22
   28    4     0   0     0   0     0   0     0   0     0   0     0   0     0   0
   29    1    66  12    91  12    41  12    91  12    83  12    91  12     0  12
   29    2    62   8   100   8    87   8   100   8   100   8   100   8     0   8
   29    3    87   8    62   8    75   8   100   8   100   8   100   8     0   8
   29    4    90  10    90  10    80  10   100  10   100  10   100  10     0  10
   30    1   100   8    87   8    50   8   100   8   100   8   100   8     0   8
   30    2    90  10    80  10    80  10   100  10   100  10   100  10     0  10
   30    3    70  10    80  10    40  10   100  10    90  10   100  10     0  10
   30    4    66   9    88   9    55   9    88   9   100   9   100   9     0   9
   31    1    77   9   100   9    33   9   100   9   100   9   100   9     0   9
   31    2    58  12   100  12    16  12   100  12   100  12   100  12     0  12
   31    3    66   9   100   9    55   9   100   9   100   9   100   9     0   9
   31    4    87   8   100   8    50   8   100   8   100   8   100   8     0   8
   32    1    62   8   100   8    25   8   100   8   100   8   100   8     0   8
   32    2    62   8   100   8    37   8   100   8   100   8   100   8     0   8
   32    3    77   9    77   9    77   9   100   9   100   9   100   9     0   9
   32    4    54  11    72  11    45  11    81  11   100  11   100  11     0  11
   33    1     0   0     0   0     0   0     0   0     0   0     0   0     0   0
   33    2    73  19    78  19    68  19    94  19   100  19   100  19     0  19
   33    3    85   7    71   7    85   7   100   7   100   7   100   7     0   7
   33    4   100   8    62   8    62   8   100   8   100   8   100   8     0   8
   34    1    87   8    75   8   100   8   100   8   100   8   100   8     0   8
   34    2    60  10    80  10    60  10   100  10   100  10   100  10     0  10
   34    3     0   0     0   0     0   0     0   0     0   0     0   0     0   0
   34    4    61  21    85  21    76  21   100  21    95  21   100  21     0  21
   35    1    75   8   100   8    75   8   100   8   100   8   100   8     0   8
   35    2    81  11   100  11    72  11    90  11   100  11   100  11     0  11
   35    3    77   9   100   9    44   9   100   9   100   9   100   9     0   9
   35    4   100   8   100   8    75   8    87   8   100   8   100   8     0   8
   36    1    80  10    90  10    80  10   100  10   100  10   100  10     0  10
   36    2   100   7   100   7    71   7   100   7   100   7   100   7     0   7
   36    3    55   9    88   9    55   9   100   9   100   9   100   9     0   9
   36    4    83  12    66  12    58  12   100  12    91  12   100  12     0  12
   37    1     0   0     0   0     0   0     0   0     0   0     0   0     0   0
   37    2    57  21    90  21    38  21    95  21    95  21   100  21     0  21
   37    3    57   7    85   7    42   7   100   7    85   7   100   7     0   7
   37    4    70  10   100  10    40  10   100  10   100  10   100  10     0  10
   38    1   100   8    87   8    75   8   100   8   100   8   100   8     0   8
   38    2    88   9   100   9    33   9   100   9   100   9   100   9     0   9
   38    3     0   0     0   0     0   0     0   0     0   0     0   0     0   0
   38    4    70  20    90  20    70  20   100  20   100  20   100  20     0  20
   39    1    71  21    85  21    57  21    90  21   100  21   100  21     0  21
   39    2     0   0     0   0     0   0     0   0     0   0     0   0     0   0
   39    3    75   8   100   8    62   8   100   8   100   8   100   8     0   8
   39    4   100   7   100   7    71   7   100   7   100   7   100   7    14   7
   40    1    77   9   100   9    55   9   100   9   100   9   100   9     0   9
   40    2    75   8    87   8    62   8   100   8   100   8   100   8    12   8
   40    3    71  21    90  21    47  21    95  21   100  21   100  21     0  21
   40    4     0   0     0   0     0   0     0   0     0   0     0   0     0   0
