    1    1   597  14   592  14    72  14   500  14   534  14   847  14     0  14
    1    2   267  10   597  10   135  10   546  10   442  10  1090  10     0  10
    1    3   817  11   644  11   152  11   562  11   538  11  1082  11    53  11
    1    4   884  11   585  11   183  11   521  11   381  11   999  11    51  11
    2    1  1135  10   600  10   173  10   661  10   638  10   932  10    15  10
    2    2   663  11   556  11   212  11   678  11   592  11   954  11     0  11
    2    3   606  13   670  13   116  13   602  13   537  13   817  13     0  13
    2    4   556  10   340  10    74  10   502  10   476  10   773  10     0  10
    3    1   765  10   752  10   289  10   667  10   602  10  1175  10     0  10
    3    2   823  13   575  13   163  13   603  13   512  13   977  13     0  13
    3    3   490  12   588  12   135  12   508  12   447  12  1239  12     0  12
    3    4   697  11   643  11   251  11   615  11   562  11  1037  11     0  11
    4    1   537  12   955  12    94  12   683  12   632  12  1210  12     0  12
    4    2  1071  11  1092  11   116  11   795  11   578  11   662  11     0  11
    4    3   718   9   758   9   170   9   618   9   490   9  1181   9     0   9
    4    4   241  14   732  14    49  14   506  14   514  14   871  14     0  14
    5    1   554  13   591  13    91  13   561  13   496  13  1017  13     0  13
    5    2   579   9   551   9   207   9   321   9   565   9   600   9     0   9
    5    3   689  11   823  11   262  11   759  11   787  11  1209  11     0  11
    5    4   769  12   534  12   142  12   595  12   459  12   926  12     0  12
    6    1  1086  11  1034  11   191  11   658  11   532  11   931  11    26  11
    6    2   798  10   950  10   146  10   477  10   663  10  1012  10     0  10
    6    3   614  14   736  14   123  14   682  14   426  14  1174  14     0  14
    6    4   839   8   841   8    86   8   542   8   651   8  1337   8     0   8
    7    1   514  10   700  10   187  10   485  10   571  10   571  10     0  10
    7    2   446  12   421  12   118  12   466  12   682  12   762  12     0  12
    7    3   606  11   955  11   135  11   588  11   532  11  1014  11     0  11
    7    4   950  10  1006  10   230  10   722  10   658  10   997  10     0  10
    8    1   484  11   595  11   147  11   483  11   479  11  1029  11     0  11
    8    2  1270   7   674   7   256   7   497   7   676   7   569   7    69   7
    8    3   812   9   787   9   216   9   641   9   640   9   705   9     0   9
    8    4   688  11   654  11   110  11   528  11   529  11   873  11     0  11
    9    1   733  10   372  10   105  10   553  10   390  10   985  10     0  10
    9    2   828  10   378  10   105  10   314  10   672  10  1051  10     0  10
    9    3   271  10   602  10    63  10   561  10   479  10   860  10     0  10
    9    4   366  12   491  12   130  12   578  12   532  12   828  12     0  12
   10    1   986  11   611  11   183  11   660  11   804  11  1130  11     0  11
   10    2   716  12   378  12    78  12   525  12   625  12   617  12     0  12
   10    3     0   0     0   0     0   0     0   0     0   0     0   0     0   0
   10    4   486  20   521  20   150  20   513  20   442  20  1004  20     0  20
   11    1   754  24   519  24   115  24   416  24   437  24   847  24     0  24
   11    2     0   0     0   0     0   0     0   0     0   0     0   0     0   0
   11    3   795  12   753  12    94  12   334  12   515  12   841  12     0  12
   11    4   533  10   664  10   140  10   448  10   582  10   739  10     0  10
   12    1   708  11   542  11   174  11   472  11   524  11   949  11    13  11
   12    2   721  11   525  11   260  11   742  11   658  11  1125  11    29  11
   12    3   536   7   512   7   234   7   608   7   504   7  1137   7     0   7
   12    4   582  12   425  12   191  12   421  12   491  12   855  12     0  12
   13    1     0   0     0   0     0   0     0   0     0   0     0   0     0   0
   13    2   618  21   526  21   178  21   514  21   425  21   873  21     0  21
   13    3   648  10   653  10   200  10   795  10   555  10   904  10    20  10
   13    4   581  12   396  12   122  12   494  12   322  12  1165  12    22  12
   14    1   684  11   767  11   278  11   678  11   611  11   711  11     0  11
   14    2   499  11   587  11   185  11   404  11   482  11   735  11     0  11
   14    3   395  11   773  11   141  11   595  11   501  11  1114  11     0  11
   14    4   435   7   752   7   230   7   450   7   631   7   861   7     0   7
   15    1   715  22   649  22    86  22   460  22   624  22  1015  22     0  22
   15    2     0   0     0   0     0   0     0   0     0   0     0   0     0   0
   15    3   633  12   739  12    82  12   559  12   420  12  1013  12     0  12
   15    4   705  10   592  10   110  10   544  10   515  10   725  10     0  10
   16    1   846  10   534  10   157  10   585  10   488  10   977  10     0  10
   16    2  1028  10   547  10   208  10   603  10   451  10   748  10    56  10
   16    3   545   9   802   9    64   9   526   9   543   9   816   9     0   9
   16    4   530  12   750  12    44  12   603  12   432  12   841  12     0  12
   17    1     0   0     0   0     0   0     0   0     0   0     0   0     0   0
   17    2   567  21   636  21    40  21   599  21   658  21   743  21     0  21
   17    3   709  11   709  11   125  11   669  11   785  11   943  11     0  11
   17    4   628  12   588  12    60  12   579  12   636  12  1016  12     0  12
   18    1   581   9   732   9   106   9   633   9   690   9   890   9     0   9
   18    2   493  12   568  12   119  12   515  12   514  12  1034  12     0  12
   18    3     0   0     0   0     0   0     0   0     0   0     0   0     0   0
   18    4   433  22   594  22    43  22   496  22   503  22  1131  22     0  22
   19    1   691  10   435  10   217  10   542  10   409  10   840  10     0  10
   19    2   268  14   532  14   160  14   402  14   615  14  1151  14     0  14
   19    3   764  12   573  12   190  12   667  12   499  12   842  12     0  12
   19    4   665  11   553  11   208  11   611  11   444  11   950  11     0  11
   20    1   286  11   330  11   186  11   526  11   427  11   793  11     0  11
   20    2   892  10   282  10   222  10   698  10   599  10   974  10     0  10
   20    3   379   8   510   8   206   8   464   8   532   8   871   8     0   8
   20    4   485  13   504  13    88  13   338  13   429  13   781  13     0  13
   21    1   493  13   725  13   121  13   519  13   496  13  1076  13     0  13
   21    2   742   7   434   7   325   7   509   7   676   7   949   7     0   7
   21    3   883  11   828  11   160  11   529  11   482  11   951  11     0  11
   21    4   496  10   474  10   193  10   449  10   621  10  1045  10     0  10
   22    1   570  11   966  11   134  11   576  11   596  11   580  11     0  11
   22    2   570  12  1149  12    47  12   541  12   733  12   962  12     0  12
   22    3     0   0     0   0     0   0     0   0     0   0     0   0     0   0
   22    4   343  23   813  23    33  23   422  23   543  23  1027  23     0  23
   23    1   466  22   567  22    84  22   394  22   424  22  1260  22    10  22
   23    2     0   0     0   0     0   0     0   0     0   0     0   0     0   0
   23    3   548  10   806  10    92  10   572  10   524  10   744  10     0  10
   23    4  1085  10   566  10   140  10   653  10   594  10   808  10     0  10
   24    1   456  12   652  12   132  12   436  12   470  12   895  12     0  12
   24    2   647  10   454  10   261  10   552  10   589  10  1243  10    22  10
   24    3   292   9   472   9   207   9   523   9   499   9   760   9     0   9
   24    4   423  10   413  10    98  10   506  10   473  10  1215  10     0  10
   25    1     0   0     0   0     0   0     0   0     0   0     0   0     0   0
   25    2   429  22   435  22   190  22   631  22   533  22  1009  22     0  22
   25    3   902   9   724   9   268   9   837   9   722   9   981   9     0   9
   25    4   493  12   588  12   203  12   683  12   596  12   866  12     0  12
   26    1  1076  11   749  11   294  11   764  11   547  11  1026  11     0  11
   26    2   685  10   555  10   249  10   470  10   418  10   892  10     0  10
   26    3   639  13   733  13   146  13   660  13   448  13   683  13     0  13
   26    4   450   9   700   9   145   9   395   9   425   9   726   9     0   9
   27    1   645  17   595  17   279  17   703  17   739  17   975  17     0  17
   27    2     0   0     0   0     0   0     0   0     0   0     0   0     0   0
   27    3   404  10   613  10   170  10   453  10   714  10   943  10     0  10
   27    4   585   8   482   8   203   8   583   8   626   8  1098   8    21   8
   28    1   835  10   492  10   213  10   683  10   631  10   996  10     0  10
   28    2   413  11   443  11   221  11   619  11   632  11   662  11     0  11
   28    3   427  24   565  24    70  24   449  24   593  24   737  24     0  24
   28    4     0   0     0   0     0   0     0   0     0   0     0   0     0   0
   29    1   516  13   733  13    84  13   580  13   644  13   725  13     0  13
   29    2   597   9   599   9   266   9   508   9   486   9   803   9     0   9
   29    3   534  10   518  10   168  10   727  10   715  10  1204  10     0  10
   29    4   472  12   544  12   193  12   494  12   524  12  1061  12     0  12
   30    1  1076  11   522  11   138  11   703  11   747  11  1192  11    30  11
   30    2   712  12   538  12   170  12   538  12   604  12  1024  12     0  12
   30    3   510  11   629  11   114  11   595  11   596  11   691  11     0  11
   30    4   472  10   568  10   101  10   344  10   454  10  1075  10     0  10
   31    1   493  10   672  10    52  10   740  10   656  10   547  10     0  10
   31    2   391  13   736  13    24  13   577  13   641  13   702  13     0  13
   31    3   530  11   852  11   145  11   706  11   620  11   685  11     0  11
   31    4   551  11   915  11   135  11   799  11   633  11   802  11    15  11
   32    1   460  10   782  10    45  10   534  10   729  10   984  10     0  10
   32    2   117  11   932  11    57  11   605  11   540  11   992  11     0  11
   32    3   516  10   328  10   118  10   399  10   490  10   927  10     0  10
   32    4   270  12   434  12    77  12   558  12   650  12   758  12    24  12
   33    1     0   0     0   0     0   0     0   0     0   0     0   0     0   0
   33    2   451  21   452  21   189  21   413  21   474  21   787  21     6  21
   33    3   692  10   418  10   297  10   581  10   498  10   817  10     0  10
   33    4  1038  10   401  10   169  10   499  10   584  10  1007  10     0  10
   34    1   516  11   345  11   194  11   877  11   565  11   884  11     0  11
   34    2   519  12   525  12   129  12   496  12   576  12  1051  12     0  12
   34    3     0   0     0   0     0   0     0   0     0   0     0   0     0   0
   34    4   464  23   425  23   130  23   510  23   513  23   950  23     0  23
   35    1   727   9   743   9   261   9   486   9   475   9   996   9     0   9
   35    2   696  12   700  12   168  12   345  12   389  12   872  12     0  12
   35    3   810  11   851  11   142  11   621  11   462  11   918  11     0  11
   35    4   790  11   705  11   203  11   674  11   499  11  1144  11    18  11
   36    1   687  12   546  12   153  12   582  12   465  12   814  12     0  12
   36    2   887   9   539   9   139   9   742   9   502   9   697   9     0   9
   36    3   518  10   603  10   184  10   545  10   554  10   807  10     0  10
   36    4   640  12   332  12    98  12   505  12   462  12  1126  12     0  12
   37    1     0   0     0   0     0   0     0   0     0   0     0   0     0   0
   37    2   428  23   625  23    69  23   459  23   493  23   942  23     0  23
   37    3   655  10   765  10   132  10   701  10   763  10   716  10     0  10
   37    4   728  12   767  12    73  12   632  12   662  12   780  12     0  12
   38    1   659  11   598  11   155  11   730  11   693  11   990  11     0  11
   38    2   518  11   769  11   123  11   597  11   492  11   963  11     0  11
   38    3     0   0     0   0     0   0     0   0     0   0     0   0     0   0
   38    4   575  22   556  22   165  22   589  22   473  22   603  22     9  22
   39    1   614  21   667  21   105  21   725  21   586  21   992  21     0  21
   39    2     0   0     0   0     0   0     0   0     0   0     0   0     0   0
   39    3   708  10   787  10   159  10   559  10   569  10   915  10     0  10
   39    4   671  10   747  10   184  10   655  10   977  10  1082  10    16  10
   40    1   735  11   961  11   149  11   676  11   675  11  1126  11     0  11
   40    2   678  11   621  11   147  11   602  11   441  11  1202  11    22  11
   40    3   564  23   650  23   108  23   566  23   575  23   940  23     8  23
   40    4     0   0     0   0     0   0     0   0     0   0     0   0     0   0
