    1    1   278   7   302   7     0   0   270   8   198   9   223   9     0   0
    1    2   381   2   285   6     0   0   205   6   238   7   286  10     0   0
    1    3   377   8   224   7     0   0   295   8   295   8   229   9     0   0
    1    4   328   9   197   7     0   0   192   8   193   5   219  10   282   2
    2    1   376   9   262   8     0   0   221   8   262   9   234  10     0   0
    2    2   368   6   239   6   317   1   194   9   220   5   213   8     0   0
    2    3   371   5   297   8   320   1   163   6   250   5   205  10     0   0
    2    4   301   7   204   5     0   0   243   8   235   5   273   9     0   0
    3    1   372   6   277  10   189   5   233   8   216   8   242  10     0   0
    3    2   280   8   257   6   138   2   203   7   253   9   198  11     0   0
    3    3   300   5   200   7     0   0   261   6   254   6   270   8     0   0
    3    4   264   8   214   7   204   1   268   8   300   8   253  11     0   0
    4    1   345   5   310   9   267   1   230   8   260   9   256  10     0   0
    4    2   329  10   303  11     0   0   284  10   219  10   201   9     0   0
    4    3   299   6   205   8   335   1   197   8   233   7   213   9     0   0
    4    4   310   5   305   7   148   1   229   8   230   7   223  10     0   0
    5    1   319   6   244   9     0   0   276   8   230   9   212  10     0   0
    5    2   370   4   238   8   716   1   209   4   295   6   204   8     0   0
    5    3   414   7   253   9   259   2   279  11   253  11   283  11     0   0
    5    4   401   7   207   7   290   1   243   8   224   7   209  10     0   0
    6    1   437  11   270  11   152   2   239   8   290   9   247  10     0   0
    6    2   439   4   270   7   243   1   276   4   230   6   197   7     0   0
    6    3   459   7   247  10     0   0   237  10   226   9   228  10     0   0
    6    4   386   4   294   7   155   1   256   5   244   6   253   8     0   0
    7    1   396   5   256   9   239   2   206   7   285   7   317  10     0   0
    7    2   262   5   218   5   224   1   247   6   214   8   195  10     0   0
    7    3   263   6   235  10   328   1   221   9   215   8   247  10     0   0
    7    4   295   8   256  10   246   2   302  10   209   8   321  10     0   0
    8    1   278   5   209   9     0   0   211   7   189   9   209  10     0   0
    8    2   341   6   229   7   243   1   205   7   182   7   217   6   485   1
    8    3   357   7   196   9     0   0   241   9   234   8   276   8     0   0
    8    4   315   8   205   9   179   1   291   8   221   8   257  10     0   0
    9    1   277   6   191   6     0   0   229   8   296   5   219   9     0   0
    9    2   329   8   268   5     0   0   218   3   322   8   182  10     0   0
    9    3   363   7   202   7     0   0   332   8   258   8   218  10     0   0
    9    4   392   3   291   7     0   0   273   8   203   8   220  10     0   0
   10    1   350   9   226  10     0   0   237  10   256  11   215  11     0   0
   10    2   314   8   237   8   160   1   199   9   223  10   173  10     0   0
   10    3     0   0     0   0     0   0     0   0     0   0     0   0     0   0
   10    4   273  11   296  10     0   0   260  12   192  13   199  17     0   0
   11    1   324  14   245  16     0   0   201  12   276  11   198  21     0   0
   11    2     0   0     0   0     0   0     0   0     0   0     0   0     0   0
   11    3   259   6   204   9   186   1   209   5   213   7   213   9     0   0
   11    4   388   7   246   8     0   0   234   8   216   9   224  11     0   0
   12    1   457   5   211   6     0   0   221   7   210   7   219   9   146   1
   12    2   333   9   227   7     0   0   261  10   252   9   247  11     0   0
   12    3   340   4   317   5   299   2   202   6   286   4   247   7     0   0
   12    4   416   5   225   5   184   1   191   9   241   7   246  10     0   0
   13    1     0   0     0   0     0   0     0   0     0   0     0   0     0   0
   13    2   322  11   267  16   175   1   235  15   207  15   215  19     0   0
   13    3   322   8   227   8   238   1   235   9   240   9   272  10     0   0
   13    4   375   5   190   7     0   0   204   6   191   5   205  10   271   1
   14    1   272   5   240  10   249   4   229   8   300   8   262  10     0   0
   14    2   332   4   232   6   225   2   191   4   164   6   235   8     0   0
   14    3   350   5   210   6   323   1   245   6   243   5   255   8     0   0
   14    4   338   3   213   7   241   2   215   5   259   5   232   7     0   0
   15    1   289  15   233  17     0   0   233  12   246  14   246  18     0   0
   15    2     0   0     0   0     0   0     0   0     0   0     0   0     0   0
   15    3   400   6   320   8     0   0   224   7   205   7   222  10     0   0
   15    4   374   6   191   5     0   0   156   6   269   6   207   8     0   0
   16    1   311   6   242   7     0   0   201   7   265   7   294   9     0   0
   16    2   321   8   255   8   252   2   230   9   234   8   195   9   561   1
   16    3   350   4   228   8     0   0   185   6   233   6   227   9     0   0
   16    4   365   5   229   9     0   0   214   9   256   7   182  10     0   0
   17    1     0   0     0   0     0   0     0   0     0   0     0   0     0   0
   17    2   291  10   195  14     0   0   223  15   238  17   235  16     0   0
   17    3   362   6   288  11   264   1   304   7   259  10   211  11     0   0
   17    4   482   6   249   9     0   0   217   5   212   9   224   9     0   0
   18    1   314   6   229   6     0   0   204   8   242  10   232  10     0   0
   18    2   285   6   309   8   214   2   281   8   210   9   224   8     0   0
   18    3     0   0     0   0     0   0     0   0     0   0     0   0     0   0
   18    4   419  11   255  15     0   0   236  14   222  16   212  19     0   0
   19    1   282   7   270   5     0   0   236   9   215   5   185   9     0   0
   19    2   292   5   240   6     0   0   207   7   253   8   196  11     0   0
   19    3   401   6   269   8   241   1   211   9   197   9   193   9     0   0
   19    4   323   7   365   7     0   0   220  10   267   9   230  10     0   0
   20    1   228   3   202   5   238   1   282   8   248   5   205   9     0   0
   20    2   318   8   212   5   170   1   258   8   261   8   196   9     0   0
   20    3   306   3   234   5   195   2   247   5   227   5   195   8     0   0
   20    4   316   6   230   7     0   0   217   7   188   5   187  11     0   0
   21    1   324   5   256   9     0   0   245   6   209   7   255  10     0   0
   21    2   372   5   180   5   225   3   172   4   180   5   201   7     0   0
   21    3   391   8   211   9     0   0   226   7   200  10   227  11     0   0
   21    4   343   5   233   5   214   1   215   7   205   7   222   7     0   0
   22    1   318   6   214  10   229   1   204   9   224  11   251  11     0   0
   22    2   366   6   213  10     0   0   235   8   249  10   262   9     0   0
   22    3     0   0     0   0     0   0     0   0     0   0     0   0     0   0
   22    4   322  11   231  14     0   0   206  15   248  14   228  21     0   0
   23    1   325  11   248  14     0   0   209   9   223   9   231  20     0   0
   23    2     0   0     0   0     0   0     0   0     0   0     0   0     0   0
   23    3   335   7   227   8     0   0   216   9   233   8   219   8     0   0
   23    4   423   9   233   8   179   1   216   8   205   8   224   9     0   0
   24    1   281   5   205   8   255   1   250   4   210   7   245  10     0   0
   24    2   381   7   284   7   309   2   264   7   266   8   190  10     0   0
   24    3   279   2   188   7   270   1   249   8   256   5   227   7     0   0
   24    4   309   2   218   7     0   0   239   8   270   8   211   8     0   0
   25    1     0   0     0   0     0   0     0   0     0   0     0   0     0   0
   25    2   312   8   305  11   208   2   228  14   224  13   232  19     0   0
   25    3   388   8   230   8   252   4   311   7   261   9   304  10     0   0
   25    4   310   5   246   9   192   3   256   9   234   7   248   8     0   0
   26    1   330   9   269  11   240   2   276  10   253  11   234  11     0   0
   26    2   429   6   217   8   340   3   225   7   227   5   173   9     0   0
   26    3   334   7   303   8     0   0   215  11   295   7   248   9     0   0
   26    4   536   4   285   7   205   1   260   7   221   4   250   8     0   0
   27    1   354  10   238  10   264   4   205  13   270  13   312  13     0   0
   27    2     0   0     0   0     0   0     0   0     0   0     0   0     0   0
   27    3   463   2   257   6   278   1   232   7   274   9   279   9     0   0
   27    4   302   4   223   5   258   2   260   8   223   8   225   9     0   0
   28    1   369   5   211   5   255   3   252   7   259   7   245   9     0   0
   28    2   304   5   278   7   180   2   249   7   271   8   197   9     0   0
   28    3   349   9   234  15     0   0   186  12   241  13   205  16     0   0
   28    4     0   0     0   0     0   0     0   0     0   0     0   0     0   0
   29    1   336   5   263   8     0   0   225   6   253   7   244   9     0   0
   29    2   329   4   266   7   444   1   290   6   248   5   243   7     0   0
   29    3   373   6   220   5     0   0   264   9   258   8   228   9     0   0
   29    4   323   4   249   8   184   1   196   8   209   6   249  10     0   0
   30    1   385  11   265   8   191   1   309  11   304  10   254  10     0   0
   30    2   339   8   281   7     0   0   230   7   219   8   225  10     0   0
   30    3   312   5   221   7   395   1   254   7   277   6   203   8     0   0
   30    4   551   5   228   8   235   1   203   6   212   6   233   9     0   0
   31    1   349   6   249   9     0   0   188   9   228  10   315   9     0   0
   31    2   356   4   277   8     0   0   261   7   227   8   258   8     0   0
   31    3   471   3   270  10     0   0   200  10   218   9   240  10     0   0
   31    4   328   7   270  10     0   0   258  11   246   8   280  10     0   0
   32    1   398   3   234   7     0   0   198   8   251   6   258   7     0   0
   32    2   417   2   298  11     0   0   281   8   229  10   215  11     0   0
   32    3   323   6   257   6     0   0   160   3   182   9   279  10     0   0
   32    4   276   4   316   6     0   0   323   6   229   7   183  11   288   1
   33    1     0   0     0   0     0   0     0   0     0   0     0   0     0   0
   33    2   311  10   279  12   188   2   220  11   248  13   221  19     0   0
   33    3   420   7   246   5   201   2   231   8   217   8   249   9     0   0
   33    4   253   8   225   5   141   1   243   6   280   7   202   8     0   0
   34    1   285   5   255   7   168   1   231   8   213  10   234  11     0   0
   34    2   388   5   210   7     0   0   291   6   239  10   195  10     0   0
   34    3     0   0     0   0     0   0     0   0     0   0     0   0     0   0
   34    4   391   8   203  13     0   0   253  14   239  15   266  19     0   0
   35    1   423   5   212   9   237   2   209   6   267   6   250   8     0   0
   35    2   379   7   267   9   236   2   242   5   197   7   196  11     0   0
   35    3   436   8   217   8   339   2   239   8   206   7   201   9     0   0
   35    4   352   9   203   9     0   0   222  10   245   7   254  10     0   0
   36    1   334   6   219   6     0   0   206   9   198   6   201   9     0   0
   36    2   492   7   235   7     0   0   181  10   257   6   231   9     0   0
   36    3   329   5   249   8   207   1   201   9   251   9   243  10     0   0
   36    4   389   7   193   6     0   0   194   5   207   5   247   9     0   0
   37    1     0   0     0   0     0   0     0   0     0   0     0   0     0   0
   37    2   360   7   298  15     0   0   212  10   294  13   239  19     0   0
   37    3   550   5   244   9   169   1   292   8   305   9   271  10     0   0
   37    4   362   5   261   9   166   1   269   7   224   9   209   9     0   0
   38    1   448   6   251   7     0   0   245  10   305   9   213  11     0   0
   38    2   333   5   245   9   215   1   238   8   214   9   194   9     0   0
   38    3     0   0     0   0     0   0     0   0     0   0     0   0     0   0
   38    4   319  12   255  14     0   0   238  15   295  11   228  19   214   1
   39    1   308  11   245  11   141   1   234  14   245  16   229  17     0   0
   39    2     0   0     0   0     0   0     0   0     0   0     0   0     0   0
   39    3   390   7   201   8   134   1   220   7   231   6   199   7     0   0
   39    4   526   6   282   7   208   1   241   8   279   9   257   9     0   0
   40    1   405   5   325   8     0   0   222   8   212   9   206  10     0   0
   40    2   269   6   221   9     0   0   202  10   219   9   216  10     0   0
   40    3   348  12   227  15   195   1   234  14   217  15   217  21   188   1
   40    4     0   0     0   0     0   0     0   0     0   0     0   0     0   0
