    1    1  1009   9   568  10   184   3   483   9   551  10  1295  10     0   0
    1    2  1046   9   626   8   194   4   447   9   547  10  1183  10     0   0
    1    3  1067   7   587   6   132   2   537   6   520   7  1928   7     0   0
    1    4  1134  12   642  12   154  11   521  13   455  13  1372  13     0   0
    2    1  1929   5   860  10   258   8   951  10   810  10  2414  10     0   0
    2    2   955   6   694   8   189   7   627   9   655   9  1569   9     0   0
    2    3  1502   7   884   8   233   6   880   8   831   9  1891   9   322   1
    2    4  1038   5   755   9   322   8   732   9   606   9  1785   9     0   0
    3    1  1340   7   853  10   296   9   852  10   699  10  1430  10     0   0
    3    2  1058   7   715   9   276   8   979  10   771  10  1203  10     0   0
    3    3  1112   8   836   8   329   9   726   9   646   9  1260   9     0   0
    3    4  1386   9   825  10   305  10   641  10   652  10  1178  10     0   0
    4    1   699   6   820   7   216   1   358   8   345   9  1097   9     0   0
    4    2   769   5   544   9   200   3   468   9   392  10  1540  10     0   0
    4    3   782   8   844  10   175   2   398  10   332  10  1023  10     0   0
    4    4   793   8   594   7   141   3   508  10   546  10   656   9     0   0
    5    1   419   3   457   7   257   5   275  10   309  10   686   9     0   0
    5    2   256   2   780   7   395   3   306   9   381   9   780  10     0   0
    5    3     0   0  1216   5   320   1   260   6   350   7   854   7     0   0
    5    4   378   2   571   7   335   1   324  10   342  10   604  11     0   0
    6    1  1248   7   830   8   208   4   644   8   732   8  1487   8     0   0
    6    2  1314   7   587   8   248   7   511   8   511   8  1537   8     0   0
    6    3  1469   7   774   8   209   4   648   9   492   9  1282   9     0   0
    6    4  1055   7  1068   6   208   4   513   7   568   7  1363   7     0   0
    7    1   411   1   692   7   191   4   293   8   353   8   803   8     0   0
    7    2   622   3   548   7   150   6   400   9   449   9   688   9     0   0
    7    3   712   4   580   7   240   2   357   9   420   9   776   9     0   0
    7    4   501   4   720  10   158   5   526   9   544  10  1213  10     0   0
    8    1  1179   4   983   7   344   6   589   9   787   8  2043   9     0   0
    8    2   945   5   851   7   327   6   707   8   601   7  1888   8     0   0
    8    3  1548   1  1082   8   235   7   911   9   602   9  1566   9     0   0
    8    4  1384   5   865   6   489   4   717   8   582   9  1763  10     0   0
    9    1  1044   8   930  10   260   5   516  10   623  10  1770  10     0   0
    9    2   917   5   869   7   371   3   635   8   589   8  1939   8     0   0
    9    3  1392   4  1142   6   160   2   691   7   657   6  1832   7     0   0
    9    4  1275  10   957  12   152   5   768  12   497  13  2068  12     0   0
   10    1  1209   9   871  10   255   6   821  10   764   9  2130   9     0   0
   10    2  1945   7  1245   7   322   8   930  10   851   8  1713   9     0   0
   10    3  1769   8  1277  10   325   7  1003   9   832  10  1496   9     0   0
   10    4  1631   7  1331   8   254   6   858   8   825   9  1689   8     0   0
   11    1   898   9   584   9   158   4   636   9   403   9   980   9     0   0
   11    2  1195   8   672  10   145   7   580  10   402  10  1034  10     0   0
   11    3  1142   5   628   5   114   4   505   6   363   6  1080   6     0   0
   11    4   944   9   601  11   193  10   464  13   392  13  1189  13     0   0
   12    1   700   9   482   8   351   6   591  10   717  10  1425  10     0   0
   12    2   850   6   572   7   307   7   563   8   501  10  1154  10     0   0
   12    3   675   8   434   7   344   7   424  10   580   9  1343  10     0   0
   12    4   677   5   615   8   351   7   661   9   512   9  1240  10     0   0
   13    1   734   8   733   9   165   6   554   9   574   9  1075  10     0   0
   13    2   776   4   617   8   198   1   394   8   642   8  1208   7     0   0
   13    3  1057   6   672   9   239   2   420   9   506  10  1293   9     0   0
   13    4   939   6   502   9   210   2   450   8   456   9  1518   9     0   0
   14    1   828   7   538   8   134   3   542  10   440  10  1422  10     0   0
   14    2   906   8   811   7   226   6   515  10   458  10   984  10     0   0
   14    3   838  10   657   7   204   6   446  10   476   9  1086  10     0   0
   14    4  1207   7   676   8   213   6   630  10   482  10  1230  10     0   0
   15    1   769   9   782   9   386   8   842   9   901  10  2025   9     0   0
   15    2   588  10   746   9   338   7   826   9   708  10  1355   8   485   1
   15    3   445   9   460   8   365   8   743   9   744  10  1853   5     0   0
   15    4   852   7   685  10   366   8   674  10   654   9  1803   7     0   0
   16    1  1169   6   637   9   200   5   527  10   492  10  1318  10     0   0
   16    2  1217   3   566   8   175   6   408   9   398  10  1036   9     0   0
   16    3  1004   2   728   9   181   6   420  10   484  10  1251  10     0   0
   16    4   794   4   639   9   238   6   367   9   448   9   986   9     0   0
   17    1   697   6   777   8   380   7   615  10   799  10  1146  10     0   0
   17    2   919   7   596   9   318   5   343   7   524   9  1662  10     0   0
   17    3   814   7   733   9   386   6   693  10   717   8  1179  10     0   0
   17    4  1068   7   672   7   396   5   594   7   483   9  1317   9     0   0
   18    1  1763   5   620   3  1224   1   645   4   602   5  1874   6     0   0
   18    2   564   5   673   6   256   5   282   8   492   8  1585   8     0   0
   18    3  1694   3   913   4   408   2   538   6   312   6  1807   6     0   0
   18    4   926   5   644   8   238   3   472   8   416   9  2031  10     0   0
   19    1   954   6   795   9   193   5   576  10   505  10  1446  10     0   0
   19    2   942   7   536   9   238   7   558   9   440   9  1437   9     0   0
   19    3  1112   7   731   8   247   6   585   9   466   9  1051   8   266   1
   19    4   941   9   603  10   321   7   592  10   458  10  1150  10   165   1
   20    1  1079   6   654   8   198   9   642   9   579   9  1207   9     0   0
   20    2  1105   9   638   9   229   7   585   9   427  10   943  10     0   0
   20    3  1069   5   762   8   286   7   580   9   546   9   917   9     0   0
   20    4   886   4   990   8   157   3   507   8   514   8  1157   8     0   0
   21    1  1147   9  1171   9   312   9   858  10   738  10  1454  10     0   0
   21    2  1535   5  1188   9   455   6   918  10   985  10  1552  10     0   0
   21    3  1397   8  1291   9   395   5   965   9   850   9  1072   9     0   0
   21    4  1029   8   907   9   302   8   939  10   807  10  1352  10     0   0
   22    1   879   7   421   7   209   4   575   9   464   9  1270  10     0   0
   22    2   744   5   441   7   191   4   271  10   588  10  1060  10     0   0
   22    3  1010   4   799   6   223   2   435   7   409   7  1106   7     0   0
   22    4   885   5   790  11   354   4   558  13   531  12  1291  13     0   0
   23    1  1040   9   780   7   177   9   752  10   572   9  1741   9     0   0
   23    2  1257   6   801   8   269   3  1004   8   497   7  1543   7     0   0
   23    3   997   5  1056   7   293   7   775   9   609   8  1745   8     0   0
   23    4  1245   9   875   8   270   6   840   9   667   9  1680  10   168   1
   24    1  1423   7   914  10   260   7   749  10   795  10  1627  10     0   0
   24    2  1221   7   986   9   251   6   759  10   661  10  1535  10     0   0
   24    3  1404   9  1080  10   229   8   688   9   543  10  1187   7     0   0
   24    4  1220   9   855   9   187   3   975  10   653  10  1182   9     0   0
   25    1  1007   8   974  10   217   9   992  10   977  10  1711  10     0   0
   25    2  1510   3  1080   9   265   8   748   9   784   9  1578   9     0   0
   25    3  1776   4  1083   6   307   7   954   7   888   7  1441   7     0   0
   25    4   893   7   927  10   238   9   916  11   911  11  1737  11     0   0
   26    1  1399   8  1302   8   361   7  1139  10   895  10  1887   8     0   0
   26    2  1597   5  1049  10   261   8   754  10   706  10  1600  10     0   0
   26    3  1561   8  1058   8   346   8  1230  10   744  10  2551  10     0   0
   26    4  1711   6  1415   9   276   4   904   8  1018  10  1513  10     0   0
   27    1   999   9   580   9   265   6   807   9   461   8  1570   9     0   0
   27    2  1037   6   981   2   257   6   682   7   615   7  1555   7     0   0
   27    3  1268   9   749   8   299   9  1218   9   708  10  1134  10     0   0
   27    4   902   8   384   5   292   3   731   7   653   8  1363   8     0   0
   28    1   633   8   837   8   300   5   441  10   359  10  1263   9     0   0
   28    2   924  10   639   9   253   4   285   9   453  10   988   9     0   0
   28    3  1183   8   866   9   125   3   571  10   497  10  1090   7     0   0
   28    4   869   6   685   8   266   5   447   8   456   8  1528   9   449   1
   29    1   655   7   956  10   203   7   625   9   517  10  1699  10     0   0
   29    2  1365   8   740  10   324   7   674  10   677  10  1659   8     0   0
   29    3   605   6   969   7   290   4   895   7   576   6  1716   7     0   0
   29    4   934  11   623   9   248   8   772  11   577  12  1649  13     0   0
   30    1  1364   7   902   8   238   6   718   9   530   8   925   9     0   0
   30    2  1325   8   863   7   302   8   621   9   686   9   816   9     0   0
   30    3  1312   6  1000   7   218   8   831   9   464   9   801   9     0   0
   30    4  1296   9   979   9   219   8   841  10   590  10   859  10     0   0
   31    1  1449  10   807   9   363   7   781  10   840  10  1828  10     0   0
   31    2  1066   8   908   9   263   7   638  10   989  10  1652  10     0   0
   31    3  1079   8   934   7   294   8  1021   8   856   8  1721   8     0   0
   31    4  1249   6   641   6   313   5  1124   8   813   9  2339   9     0   0
   32    1   812   8   687   9   159   7   481  10   404   9  1232  10     0   0
   32    2  1050   9   698  10   192   6   446  10   433  10  1179  10     0   0
   32    3   975   7   642   9   250   6   480   9   485   9  1019   8     0   0
   32    4   809   8   475   7   214   6   537   8   481   9   930   9     0   0
   33    1  1568   4   843   6   438   5  1200   7   988   8  2502   8     0   0
   33    2  1161   4  1300  10   373   5  1016  10   897  10  1987  10     0   0
   33    3  1665   4  1036   7   562   4  1006   7  1111   5  2653   7     0   0
   33    4  1306   7  1031  10   327   4   816  10   763  10  2474  11   288   1
   34    1  1369   8   746   9   481   8   597  10   825  10  1796   9     0   0
   34    2  1230   7   924   8   657   8   850   8  1237   9  1543  10     0   0
   34    3   805   9  1002   8   490   7   749  10   917  10  1536   9     0   0
   34    4  1060   9  1067   7   344   7   836   9  1017  10  1346   9     0   0
   35    1   464   6   626   8   280   6   615   8   517   8  1428   8     0   0
   35    2   532   4   786   8   291   6   529   8   628   8  1792   8     0   0
   35    3   283   7   489  10   244   5   574  10   614  10  1578  10     0   0
   35    4   244   8   533  10   254   7   606  10   783  10  1373  10   271   1
   36    1   874   8   693   9   206   7   687   9   600   9  1020  10     0   0
   36    2   918   6   860   8   186   4   669   9   579   9  1053   9     0   0
   36    3  1097   6   945   9   256   5   815   9   604   9   970   9     0   0
   36    4  1104   9  1417   9   249   6   774  10   715  10   911  10     0   0
   37    1   318   4   868   4   344   2   868   7   508   8  1831   8     0   0
   37    2   741   4   505   5   202   2   457   8   430   8  1516   8   146   1
   37    3   308   6   715   5   242   1   492   7   470   7  1623   7   188   1
   37    4   417   3   555   6   319   1   713   8   397   7  1991   9   214   1
   38    1  1485   4   928   8   315   8  1006  10   832   9  1368  10   146   1
   38    2  1184   4   829   7   250   5   938   8   757   9  1291   9     0   0
   38    3  1069   4  1101   9   245   7   800   9   957   9  1145   9     0   0
   38    4  1463   6   937   9   256   9   935   9   760  10  1391  10   116   1
   39    1  1288   5   994   9   452   2   599   8   645   8  1298   8     0   0
   39    2  1770   5   964   8   242   3   834   8   570   8  1026   8     0   0
   39    3  1319   4   613   5   173   2   675   5   645   5  1394   4     0   0
   39    4  1099   3  1127   9   205   4   829   9   814  10  2106  10     0   0
   40    1   545   6   485   6   144   3   325   8   348   7   752   8     0   0
   40    2   504   8   287   9   185   5   340   8   326  10   759  10     0   0
   40    3   343   3   578   8   163   2   425   9   378   9   725   9     0   0
   40    4  1029   7   612   9     0   0   458   9   318  10   909  10     0   0
   41    1   722   8   550   9   155   2   464   9   394   9  1359   9     0   0
   41    2   784   7   421   8   232   5   462   9   355   9   915   9     0   0
   41    3   891   5   505   5   215   1   406   4   360   5   698   5     0   0
   41    4   925  10   625  10   206   5   400  11   408  11  1065  11     0   0
   42    1  1174  10   882  10   361   9   841  10   680  10  1655  10   294   1
   42    2  1300   8   662   8   341   4  1105   9  1036   9  2042   9   492   2
   42    3  1194   4   849   8   424   6   985  10   759   9  1864  10     0   0
   42    4  1220   5   976  10   441   7  1102   9  1083  10  1905   9     0   0
